0	0	0	0	0	0	0	0	0
3.4387	-0.0359071	9.15034e-05	-0.0359071	12.9686	-0.000253974	9.15034e-05	-0.000253974	3.60898e-06
2.65455	-0.0101116	-1.36702e-05	-0.0101116	21.8942	0.000236941	-1.36702e-05	0.000236941	2.52302e-06
2.3968	-0.00274057	-0.000213234	-0.00274057	39.4514	1.64053e-05	-0.000213234	1.64053e-05	2.55822e-06
1.69286	0.00236318	-5.94957e-05	0.00236318	20.2169	-0.000332263	-5.94957e-05	-0.000332263	2.59346e-06
1.69261	-0.01859	0.000180546	-0.01859	30.8707	-0.000106016	0.000180546	-0.000106016	2.5318e-06
0.942385	-2.79265e-05	5.44423e-05	-2.79265e-05	-0.000129539	7.41413e-07	5.44423e-05	7.41413e-07	1.36417e-06
0.769453	-1.74028e-05	3.04815e-05	-1.74028e-05	-6.20494e-05	5.0866e-07	3.04815e-05	5.0866e-07	9.34474e-07
0.671274	-1.37381e-05	2.02334e-05	-1.37381e-05	-4.07838e-05	3.87096e-07	2.02334e-05	3.87096e-07	7.10701e-07
0.532413	-1.39229e-05	1.29512e-05	-1.39229e-05	-3.03713e-05	3.12374e-07	1.29512e-05	3.12374e-07	5.7337e-07
0.426386	-1.35211e-05	8.69449e-06	-1.35211e-05	-2.41934e-05	2.61843e-07	8.69449e-06	2.61843e-07	4.80531e-07
0.34161	-1.29332e-05	5.99611e-06	-1.29332e-05	-2.01037e-05	2.2539e-07	5.99611e-06	2.2539e-07	4.13574e-07
0.308994	-1.1603e-05	4.76083e-06	-1.1603e-05	-1.71965e-05	1.9786e-07	4.76083e-06	1.9786e-07	3.63007e-07
0.290137	-1.04047e-05	3.98349e-06	-1.04047e-05	-1.50238e-05	1.76326e-07	3.98349e-06	1.76326e-07	3.2346e-07
0.277177	-9.39974e-06	3.43182e-06	-9.39974e-06	-1.33385e-05	1.59019e-07	3.43182e-06	1.59019e-07	2.91685e-07
0.233418	-9.016e-06	2.63169e-06	-9.016e-06	-1.19932e-05	1.44801e-07	2.63169e-06	1.44801e-07	2.6559e-07
0.202835	-8.55005e-06	2.09924e-06	-8.55005e-06	-1.08943e-05	1.32919e-07	2.09924e-06	1.32919e-07	2.43782e-07
0.192418	-7.94057e-06	1.84039e-06	-7.94057e-06	-9.97989e-06	1.22841e-07	1.84039e-06	1.22841e-07	2.25286e-07
0.174464	-7.50572e-06	1.55106e-06	-7.50572e-06	-9.2071e-06	1.14182e-07	1.55106e-06	1.14182e-07	2.09398e-07
0.158166	-7.1192e-06	1.3136e-06	-7.1192e-06	-8.54537e-06	1.06664e-07	1.3136e-06	1.06664e-07	1.95603e-07
0.148888	-6.72232e-06	1.16016e-06	-6.72232e-06	-7.97239e-06	1.00075e-07	1.16016e-06	1.00075e-07	1.83514e-07
0.139219	-6.37939e-06	1.02171e-06	-6.37939e-06	-7.47141e-06	9.42531e-08	1.02171e-06	9.42531e-08	1.72832e-07
0.129126	-5.47962e-06	7.99769e-07	-5.47962e-06	-6.3079e-06	7.14765e-08	7.99769e-07	7.14765e-08	1.466e-07
0.11034	-6.06736e-06	6.3644e-07	-6.06736e-06	-6.29266e-06	6.49083e-08	6.3644e-07	6.49083e-08	1.33524e-07
7.1364	-2.36567	0.00391418	-2.36567	93.2627	-0.00784716	0.00391418	-0.00784716	1.31088e-05
7.31334	-2.36565	0.00392929	-2.36565	93.2405	-0.00783545	0.00392929	-0.00783545	1.42971e-05
0.233638	-0.00417628	7.0912e-05	-0.00417628	-0.00211262	-1.17615e-06	7.0912e-05	-1.17615e-06	6.9208e-06
0.155219	-0.00221058	8.39452e-06	-0.00221058	-0.000914857	-1.12502e-07	8.39452e-06	-1.12502e-07	1.23043e-06
10.7184	-0.202029	-0.000354314	-0.202029	28.1322	0.00630899	-0.000354314	0.00630899	1.21524e-05
10.8066	1.15587	0.00194521	1.15587	31.9172	0.00948609	0.00194521	0.00948609	1.72102e-05
11.5056	0.689274	0.00103387	0.689274	44.1953	0.00977893	0.00103387	0.00977893	1.58497e-05
0.339717	-0.0052644	2.4647e-06	-0.0052644	0.00185495	4.53014e-10	2.4647e-06	4.53014e-10	1.34862e-06
0.194986	-0.00269641	7.47903e-07	-0.00269641	0.001423	5.54347e-09	7.47903e-07	5.54347e-09	7.09428e-07
0.101	-0.00138522	2.62921e-07	-0.00138522	0.00119546	5.54434e-09	2.62921e-07	5.54434e-09	4.81308e-07
0.0526632	-0.000634661	8.95632e-08	-0.000634661	0.00100179	3.94719e-09	8.95632e-08	3.94719e-09	3.12887e-07
0.0263339	-0.000279969	3.11757e-08	-0.000279969	0.000837081	2.59198e-09	3.11757e-08	2.59198e-09	2.16888e-07
69.4301	-3.58485e-05	0.0276264	-3.58485e-05	0.000211603	1.01751e-10	0.0276264	1.01751e-10	6.0721e-05
0.0131477	-1.79242e-05	5.65408e-09	-1.79242e-05	0.000105802	5.08753e-11	5.65408e-09	5.08753e-11	3.16028e-08
23.5519	-8.96212e-06	0.00095437	-8.96212e-06	5.29008e-05	2.54376e-11	0.00095437	2.54376e-11	1.65109e-05
28.5857	-2.00113e-07	0.00109709	-2.00113e-07	5.26764e-05	6.70622e-11	0.00109709	6.70622e-11	2.22538e-05
6.57085	2.36872e-08	0.000254711	2.36872e-08	5.24991e-05	9.13532e-12	0.000254711	9.13532e-12	8.23762e-06
26.0806	6.53492e-08	0.00436033	6.53492e-08	5.23645e-05	-7.49184e-12	0.00436033	-7.49184e-12	2.43587e-05
14.5512	-2.14324e-07	0.00158011	-2.14324e-07	5.22433e-05	1.64451e-10	0.00158011	1.64451e-10	3.1031e-05
16.64	-4.98726e-07	-0.00240755	-4.98726e-07	5.2122e-05	4.42695e-10	-0.00240755	4.42695e-10	2.79022e-05
12.922	0.831549	-0.00188068	0.831549	126.874	-0.00396661	-0.00188068	-0.00396661	3.02474e-05
22.2808	-0.000367412	-0.00124643	-0.000367412	0.0226584	-6.22739e-08	-0.00124643	-6.22739e-08	2.92646e-05
15.0865	-0.000213396	0.00144802	-0.000213396	0.0112236	2.1321e-07	0.00144802	2.1321e-07	3.38121e-05
28.21	-1.70952e-05	0.00828433	-1.70952e-05	0.00750119	1.25907e-07	0.00828433	1.25907e-07	4.28374e-05
24.2311	1.31931e-05	-0.000741691	1.31931e-05	0.00563943	3.46944e-08	-0.000741691	3.46944e-08	3.50769e-05
13.0492	6.11707e-05	-0.00137596	6.11707e-05	0.00452798	-4.04692e-08	-0.00137596	-4.04692e-08	2.84283e-05
29.0964	6.71947e-05	-0.00252843	6.71947e-05	0.0037851	-5.89006e-08	-0.00252843	-5.89006e-08	3.43329e-05
31.1289	5.72087e-05	-0.000873661	5.72087e-05	0.00325156	-7.78332e-08	-0.000873661	-7.78332e-08	4.09642e-05
20.4894	5.94719e-05	0.000854564	5.94719e-05	0.00284441	-6.23742e-08	0.000854564	-6.23742e-08	2.89466e-05
17.1286	6.09976e-05	0.00364656	6.09976e-05	0.00253393	-6.98711e-08	0.00364656	-6.98711e-08	2.69193e-05
19.2964	6.63515e-05	0.000757924	6.63515e-05	0.00228563	-9.00054e-08	0.000757924	-9.00054e-08	3.00646e-05
26.2374	6.94552e-05	0.00302063	6.94552e-05	0.00208243	-9.83213e-08	0.00302063	-9.83213e-08	3.58264e-05
20.6969	6.59652e-05	0.00198577	6.59652e-05	0.00191258	-9.17197e-08	0.00198577	-9.17197e-08	3.11439e-05
37.3821	7.77468e-05	0.00197126	7.77468e-05	0.00176954	-1.09158e-07	0.00197126	-1.09158e-07	4.40438e-05
20.1543	9.2469e-05	0.00224586	9.2469e-05	0.0016477	-1.39657e-07	0.00224586	-1.39657e-07	3.54734e-05
14.0109	8.86489e-05	-0.000710159	8.86489e-05	0.00154168	-2.0357e-07	-0.000710159	-2.0357e-07	3.54727e-05
15.6668	8.6639e-05	-0.00203874	8.6639e-05	0.00144868	-2.05544e-07	-0.00203874	-2.05544e-07	3.25018e-05
19.6804	8.77158e-05	-0.00292192	8.77158e-05	0.00136657	-1.92803e-07	-0.00292192	-1.92803e-07	3.27847e-05
21.1182	8.9965e-05	-0.00171657	8.9965e-05	0.0012936	-1.77683e-07	-0.00171657	-1.77683e-07	3.3515e-05
18.7246	8.98842e-05	-0.00318222	8.98842e-05	0.00122824	-1.65575e-07	-0.00318222	-1.65575e-07	3.12453e-05
21.2608	9.15136e-05	-0.000355999	9.15136e-05	0.00116941	-1.86065e-07	-0.000355999	-1.86065e-07	3.44935e-05
8.62833	9.19142e-05	0.00108988	9.19142e-05	0.0011161	-2.95086e-07	0.00108988	-2.95086e-07	3.69222e-05
17.3332	8.42801e-05	-0.00232096	8.42801e-05	0.00106734	-2.98124e-07	-0.00232096	-2.98124e-07	3.76944e-05
16.5664	7.89003e-05	0.000571709	7.89003e-05	0.0010226	-2.86621e-07	0.000571709	-2.86621e-07	3.68808e-05
11.5562	7.73403e-05	0.000212421	7.73403e-05	0.000981515	-2.6328e-07	0.000212421	-2.6328e-07	3.16435e-05
17.7425	7.30126e-05	-0.00399745	7.30126e-05	0.000943557	-2.57113e-07	-0.00399745	-2.57113e-07	3.51552e-05
23.2941	7.15396e-05	-0.00708621	7.15396e-05	0.000908468	-2.13391e-07	-0.00708621	-2.13391e-07	3.78545e-05
12.5526	7.52934e-05	-0.00155923	7.52934e-05	0.000876094	-1.69401e-07	-0.00155923	-1.69401e-07	2.71068e-05
18.5892	7.80559e-05	-0.00120683	7.80559e-05	0.000846105	-1.64631e-07	-0.00120683	-1.64631e-07	3.03152e-05
19.1318	7.80151e-05	-0.00344744	7.80151e-05	0.000818173	-1.42628e-07	-0.00344744	-1.42628e-07	2.80325e-05
24.2012	7.64328e-05	-0.00559086	7.64328e-05	0.00079204	-1.9624e-07	-0.00559086	-1.9624e-07	4.00319e-05
0.064314	6.75424e-05	2.59889e-05	6.75424e-05	0.000767282	-3.00633e-07	2.59889e-05	-3.00633e-07	3.69566e-05
11.6361	0.384653	-0.0030439	0.384653	14.5513	-0.00107883	-0.0030439	-0.00107883	4.55254e-05
0.0618797	0.000715462	2.90124e-05	0.000715462	0.023314	-2.97998e-06	2.90124e-05	-2.97998e-06	4.04286e-05
0.0563433	0.000290904	3.03892e-05	0.000290904	0.0116953	-6.86278e-07	3.03892e-05	-6.86278e-07	4.03889e-05
0.0501563	0.000130893	3.10245e-05	0.000130893	0.00720063	9.33563e-08	3.10245e-05	9.33563e-08	4.02741e-05
0.0253236	-1.05985e-05	1.43094e-07	-1.05985e-05	0.00199248	-2.85639e-11	1.43094e-07	-2.85639e-11	3.67739e-07
0.0127132	5.1076e-05	5.67526e-08	5.1076e-05	0.0016887	2.48978e-10	5.67526e-08	2.48978e-10	2.90515e-07
0.00647424	9.40248e-05	2.42045e-08	9.40248e-05	0.00148504	3.66951e-10	2.42045e-08	3.66951e-10	2.43294e-07
0.00470479	0.000140879	1.51307e-08	0.000140879	0.00133485	4.64974e-10	1.51307e-08	4.64974e-10	2.09278e-07
49.1282	-1.6584	-0.00445679	-1.6584	8.80283	0.00383484	-0.00445679	0.00383484	1.04883e-05
0.0347375	0.00450715	-1.13258e-07	0.00450715	0.0135386	7.99687e-07	-1.13258e-07	7.99687e-07	1.27347e-06
0.0251148	0.00233273	-7.56958e-08	0.00233273	0.00664491	2.11331e-07	-7.56958e-08	2.11331e-07	6.88065e-07
15.7564	0.33597	0.00335976	0.33597	14.6472	0.000943522	0.00335976	0.000943522	9.95213e-06
13.7838	-0.0386581	0.00267604	-0.0386581	12.9002	-0.000138346	0.00267604	-0.000138346	9.68173e-06
15.8018	0.102691	0.00304464	0.102691	14.0713	0.000346381	0.00304464	0.000346381	1.2134e-05
17.6927	1.13302	0.00528052	1.13302	21.115	0.00335442	0.00528052	0.00335442	1.70244e-05
0.226269	0.00548355	6.00446e-06	0.00548355	0.0101533	2.75716e-07	6.00446e-06	2.75716e-07	1.3613e-06
12.1571	-0.695439	-0.00193741	-0.695439	34.819	0.00341519	-0.00193741	0.00341519	1.02e-05
0.148958	0.00513986	-3.03317e-06	0.00513986	0.00866052	4.27903e-09	-3.03317e-06	4.27903e-09	1.29457e-06
0.103948	0.00228425	-1.14401e-06	0.00228425	0.00369634	-3.08607e-11	-1.14401e-06	-3.08607e-11	6.94179e-07
0.054111	0.00159856	-1.9973e-07	0.00159856	0.00197968	-1.41607e-09	-1.9973e-07	-1.41607e-09	2.33923e-07
0.0429969	0.00110886	-1.3758e-07	0.00110886	0.00139889	-7.98007e-10	-1.3758e-07	-7.98007e-10	2.02306e-07
0.0255293	0.000826622	-7.16644e-08	0.000826622	0.00107113	-4.74034e-10	-7.16644e-08	-4.74034e-10	1.78219e-07
0.0237057	0.000498508	-5.98903e-08	0.000498508	0.000641688	-2.62207e-10	-5.98903e-08	-2.62207e-10	1.59257e-07
0.0140732	0.000412336	-3.18417e-08	0.000412336	0.000319863	-4.952e-10	-3.18417e-08	-4.952e-10	1.43367e-07
0.0145028	0.0011754	-2.89715e-08	0.0011754	0.000914194	-1.28511e-09	-2.89715e-08	-1.28511e-09	1.30836e-07
0.00667707	-0.00237947	-1.57523e-08	-0.00237947	-0.00188614	2.35014e-09	-1.57523e-08	2.35014e-09	1.20319e-07
0.00789494	-0.001131	-1.53809e-08	-0.001131	-0.000895382	1.0352e-09	-1.53809e-08	1.0352e-09	1.11367e-07
0.00556232	-0.000734149	-1.00144e-08	-0.000734149	-0.000397252	8.13999e-10	-1.00144e-08	8.13999e-10	1.0358e-07
0.00564407	-0.000586666	-9.06618e-09	-0.000586666	-0.000319172	5.88188e-10	-9.06618e-09	5.88188e-10	9.39174e-08
0.00432262	-0.000464871	-6.32083e-09	-0.000464871	-0.000264047	4.1397e-10	-6.32083e-09	4.1397e-10	8.5317e-08
0.00447231	-0.000204687	-2.93028e-09	-0.000204687	-0.000119769	8.33222e-11	-2.93028e-09	8.33222e-11	3.9646e-08
0.00230521	-8.09342e-05	-6.93824e-10	-8.09342e-05	-6.93675e-05	1.12296e-11	-6.93824e-10	1.12296e-11	1.83294e-08
0.0011526	-4.04671e-05	-3.46912e-10	-4.04671e-05	-3.46837e-05	5.61482e-12	-3.46912e-10	5.61482e-12	9.16471e-09
0.000576302	-2.02336e-05	-1.73456e-10	-2.02336e-05	-1.73419e-05	2.80741e-12	-1.73456e-10	2.80741e-12	4.58236e-09
0.000288151	-1.01168e-05	-8.6728e-11	-1.01168e-05	-8.67093e-06	1.4037e-12	-8.6728e-11	1.4037e-12	2.29118e-09
0.000144075	-5.05839e-06	-4.3364e-11	-5.05839e-06	-4.33547e-06	7.01852e-13	-4.3364e-11	7.01852e-13	1.14559e-09
0.000142575	-5.05378e-06	-4.23378e-11	-5.05378e-06	-4.29808e-06	1.15015e-13	-4.23378e-11	1.15015e-13	1.14198e-09
6.06911e-05	4.58961e-06	-1.67507e-10	4.58961e-06	-5.48096e-06	1.57694e-11	-1.67507e-10	1.57694e-11	1.13905e-09
6.06857e-05	4.57434e-06	-1.6665e-10	4.57434e-06	-5.46874e-06	1.51305e-11	-1.6665e-10	1.51305e-11	1.13809e-09
2.36452e-05	8.90372e-06	-5.20469e-10	8.90372e-06	-5.98855e-06	5.7225e-11	-5.20469e-10	5.7225e-11	1.13724e-09
2.36643e-05	8.89045e-06	-5.19135e-10	8.89045e-06	-5.98074e-06	5.65408e-11	-5.19135e-10	5.65408e-11	1.13668e-09
4.76756e-06	1.11073e-05	-9.76365e-10	1.11073e-05	-6.24844e-06	1.1075e-10	-9.76365e-10	1.1075e-10	1.13619e-09
4.79339e-06	1.10931e-05	-9.74606e-10	1.10931e-05	-6.24111e-06	1.10009e-10	-9.74606e-10	1.10009e-10	1.13568e-09
4.81769e-06	1.10813e-05	-9.73027e-10	1.10813e-05	-6.23717e-06	1.09539e-10	-9.73027e-10	1.09539e-10	1.13517e-09
4.84331e-06	1.10673e-05	-9.71289e-10	1.10673e-05	-6.23009e-06	1.0882e-10	-9.71289e-10	1.0882e-10	1.13466e-09
4.86548e-06	1.10586e-05	-9.70046e-10	1.10586e-05	-6.23092e-06	1.0878e-10	-9.70046e-10	1.0878e-10	1.13411e-09
4.8911e-06	1.10446e-05	-9.683e-10	1.10446e-05	-6.22359e-06	1.08041e-10	-9.683e-10	1.08041e-10	1.1336e-09
4.91321e-06	1.10358e-05	-9.6706e-10	1.10358e-05	-6.2244e-06	1.08e-10	-9.6706e-10	1.08e-10	1.13305e-09
48.4065	-0.146105	-0.00094943	-0.146105	2.3042	0.000731245	-0.00094943	0.000731245	4.75259e-06
0.305567	-0.0081043	-3.2482e-06	-0.0081043	-0.00470348	-1.14846e-06	-3.2482e-06	-1.14846e-06	1.61558e-06
0.22246	-0.00407873	-1.35938e-06	-0.00407873	-0.00234644	-5.50148e-07	-1.35938e-06	-5.50148e-07	9.83141e-07
0.148957	-0.00273714	-6.96235e-07	-0.00273714	-0.00156312	-3.59872e-07	-6.96235e-07	-3.59872e-07	7.06558e-07
0.101759	-0.00206166	-4.09977e-07	-0.00206166	-0.0011719	-2.67009e-07	-4.09977e-07	-2.67009e-07	5.51406e-07
0.0861111	-0.00165155	-2.9392e-07	-0.00165155	-0.000937308	-2.1215e-07	-2.9392e-07	-2.1215e-07	4.52135e-07
0.0657446	-0.00137883	-2.09598e-07	-0.00137883	-0.000780972	-1.75946e-07	-2.09598e-07	-1.75946e-07	3.83153e-07
0.0592831	-0.0011825	-1.68388e-07	-0.0011825	-0.000669332	-1.50283e-07	-1.68388e-07	-1.50283e-07	3.32435e-07
0.0522431	-0.00103532	-1.37143e-07	-0.00103532	-0.000585618	-1.31143e-07	-1.37143e-07	-1.31143e-07	2.93575e-07
0.0440773	-0.000920965	-1.11837e-07	-0.000920965	-0.000520517	-1.16323e-07	-1.11837e-07	-1.16323e-07	2.62848e-07
0.0371537	-0.000829387	-9.29249e-08	-0.000829387	-0.000468441	-1.04508e-07	-9.29249e-08	-1.04508e-07	2.37943e-07
0.0344993	-0.000754158	-8.13501e-08	-0.000754158	-0.000425838	-9.48711e-08	-8.13501e-08	-9.48711e-08	2.1735e-07
0.0311447	-0.000691516	-7.12232e-08	-0.000691516	-0.000390338	-8.68606e-08	-7.12232e-08	-8.68606e-08	2.00038e-07
0.0275954	-0.000638526	-6.25697e-08	-0.000638526	-0.000360302	-8.00973e-08	-6.25697e-08	-8.00973e-08	1.8528e-07
0.0255847	-0.00059302	-5.62873e-08	-0.00059302	-0.000334558	-7.43102e-08	-5.62873e-08	-7.43102e-08	1.7255e-07
0.023087	-0.000553609	-5.056e-08	-0.000553609	-0.000312247	-6.9303e-08	-5.056e-08	-6.9303e-08	1.61458e-07
0.0210126	-0.000519104	-4.58412e-08	-0.000519104	-0.000292726	-6.49277e-08	-4.58412e-08	-6.49277e-08	1.51705e-07
0.0202549	-0.000488598	-4.24742e-08	-0.000488598	-0.000275502	-6.10716e-08	-4.24742e-08	-6.10716e-08	1.43063e-07
0.0186225	-0.000461521	-3.9017e-08	-0.000461521	-0.000260193	-5.7648e-08	-3.9017e-08	-5.7648e-08	1.35353e-07
0.0177096	-0.000437264	-3.63186e-08	-0.000437264	-0.000246495	-5.45875e-08	-3.63186e-08	-5.45875e-08	1.28431e-07
11.6479	-0.462065	0.0022125	-0.462065	18.4806	-0.00180087	0.0022125	-0.00180087	8.75291e-06
12.7461	-0.129986	0.000487345	-0.129986	30.0239	-0.00254503	0.000487345	-0.00254503	1.19856e-05
0.257089	-0.00815773	1.4609e-06	-0.00815773	-0.0046882	-8.61748e-07	1.4609e-06	-8.61748e-07	2.09679e-06
0.226367	-0.0040901	6.58246e-07	-0.0040901	-0.00234177	-4.68056e-07	6.58246e-07	-4.68056e-07	1.14234e-06
15.3022	0.216593	0.000321333	0.216593	49.6515	0.00925939	0.000321333	0.00925939	1.43323e-05
14.0316	0.359592	0.000481012	0.359592	26.9456	0.00789678	0.000481012	0.00789678	1.24093e-05
0.706086	-0.00798121	2.95513e-06	-0.00798121	-0.00468046	-1.13408e-06	2.95513e-06	-1.13408e-06	2.00822e-06
0.447036	-0.00407896	9.95741e-07	-0.00407896	-0.00233697	-5.41083e-07	9.95741e-07	-5.41083e-07	1.11455e-06
0.241324	-0.00276707	2.88934e-07	-0.00276707	-0.00155725	-3.4027e-07	2.88934e-07	-3.4027e-07	7.58691e-07
0.186687	-0.00208468	1.48274e-07	-0.00208468	-0.00116766	-2.54975e-07	1.48274e-07	-2.54975e-07	5.82299e-07
0.12068	-0.00167695	4.37679e-08	-0.00167695	-0.000933998	-2.03791e-07	4.37679e-08	-2.03791e-07	4.72381e-07
0.0956454	-0.00140033	1.35254e-08	-0.00140033	-0.000778257	-1.69769e-07	1.35254e-08	-1.69769e-07	3.97424e-07
0.0677572	-0.00120305	-1.15485e-08	-0.00120305	-0.000667032	-1.45552e-07	-1.15485e-08	-1.45552e-07	3.43066e-07
0.056812	-0.00105361	-1.77041e-08	-0.00105361	-0.000583623	-1.27327e-07	-1.77041e-08	-1.27327e-07	3.01736e-07
0.0403135	-0.000937816	-2.70457e-08	-0.000937816	-0.000518755	-1.12691e-07	-2.70457e-08	-1.12691e-07	2.68839e-07
0.0358466	-0.000844335	-2.66713e-08	-0.000844335	-0.000466865	-1.01446e-07	-2.66713e-08	-1.01446e-07	2.42779e-07
0.0283479	-0.000768048	-2.80447e-08	-0.000768048	-0.000424411	-9.23761e-08	-2.80447e-08	-9.23761e-08	2.21456e-07
0.0264161	-0.000704149	-2.64852e-08	-0.000704149	-0.000389035	-8.4682e-08	-2.64852e-08	-8.4682e-08	2.03466e-07
0.0204311	-0.000650301	-2.66265e-08	-0.000650301	-0.000359103	-7.86456e-08	-2.66265e-08	-7.86456e-08	1.88645e-07
0.0195763	-0.000603889	-2.4977e-08	-0.000603889	-0.000333447	-7.29996e-08	-2.4977e-08	-7.29996e-08	1.75432e-07
0.0163893	-0.000563776	-2.47619e-08	-0.000563776	-0.000311213	-6.79421e-08	-2.47619e-08	-6.79421e-08	1.63782e-07
0.0157095	-0.000528567	-2.33966e-08	-0.000528567	-0.000291759	-6.36865e-08	-2.33966e-08	-6.36865e-08	1.5373e-07
0.0142208	-0.000497533	-2.25198e-08	-0.000497533	-0.000274594	-5.99439e-08	-2.25198e-08	-5.99439e-08	1.44851e-07
0.0136758	-0.000469912	-2.14007e-08	-0.000469912	-0.000259336	-5.66066e-08	-2.14007e-08	-5.66066e-08	1.36931e-07
0.0132604	-0.000445193	-2.03611e-08	-0.000445193	-0.000245685	-5.36213e-08	-2.03611e-08	-5.36213e-08	1.29833e-07
0.0129297	-0.000422943	-1.94029e-08	-0.000422943	-0.000233399	-5.09351e-08	-1.94029e-08	-5.09351e-08	1.23434e-07
0.012587	-0.000402813	-1.85444e-08	-0.000402813	-0.000222283	-4.85052e-08	-1.85444e-08	-4.85052e-08	1.17637e-07
0.0122316	-0.000384513	-1.77718e-08	-0.000384513	-0.000212178	-4.62966e-08	-1.77718e-08	-4.62966e-08	1.12359e-07
0.0119231	-0.000367804	-1.70559e-08	-0.000367804	-0.000202952	-4.42803e-08	-1.70559e-08	-4.42803e-08	1.07535e-07
0.0116292	-0.000352486	-1.63982e-08	-0.000352486	-0.000194494	-4.24323e-08	-1.63982e-08	-4.24323e-08	1.03108e-07
0.0113489	-0.000338394	-1.57919e-08	-0.000338394	-0.000186714	-4.07324e-08	-1.57919e-08	-4.07324e-08	9.90313e-08
0.0110571	-0.000325386	-1.5237e-08	-0.000325386	-0.000179531	-3.91634e-08	-1.5237e-08	-3.91634e-08	9.52646e-08
0.0108026	-0.00031334	-1.47157e-08	-0.00031334	-0.000172881	-3.77109e-08	-1.47157e-08	-3.77109e-08	9.17738e-08
0.0105592	-0.000302155	-1.42304e-08	-0.000302155	-0.000166706	-3.63622e-08	-1.42304e-08	-3.63622e-08	8.85299e-08
0.0103263	-0.000291741	-1.37773e-08	-0.000291741	-0.000160957	-3.51066e-08	-1.37773e-08	-3.51066e-08	8.55074e-08
0.010112	-0.000282021	-1.33513e-08	-0.000282021	-0.000155592	-3.39349e-08	-1.33513e-08	-3.39349e-08	8.26845e-08
0.00986749	-0.000272929	-1.29604e-08	-0.000272929	-0.000150572	-3.28389e-08	-1.29604e-08	-3.28389e-08	8.00421e-08
0.0096631	-0.000264404	-1.25862e-08	-0.000264404	-0.000145866	-3.18114e-08	-1.25862e-08	-3.18114e-08	7.75633e-08
0.00949506	-0.000256395	-1.22281e-08	-0.000256395	-0.000141446	-3.08463e-08	-1.22281e-08	-3.08463e-08	7.52334e-08
0.00926806	-0.000248858	-1.19033e-08	-0.000248858	-0.000137285	-2.9938e-08	-1.19033e-08	-2.9938e-08	7.30394e-08
0.00907077	-0.000241751	-1.1592e-08	-0.000241751	-0.000133362	-2.90817e-08	-1.1592e-08	-2.90817e-08	7.09698e-08
0.00889718	-0.000235039	-1.1294e-08	-0.000235039	-0.000129658	-2.8273e-08	-1.1294e-08	-2.8273e-08	6.90142e-08
0.00874862	-0.000228689	-1.1008e-08	-0.000228689	-0.000126153	-2.7508e-08	-1.1008e-08	-2.7508e-08	6.71635e-08
0.0085868	-0.000222674	-1.07399e-08	-0.000222674	-0.000122833	-2.67834e-08	-1.07399e-08	-2.67834e-08	6.54095e-08
0.00840881	-0.000216967	-1.04886e-08	-0.000216967	-0.000119683	-2.6096e-08	-1.04886e-08	-2.6096e-08	6.37447e-08
0.00825258	-0.000211546	-1.02466e-08	-0.000211546	-0.000116691	-2.54429e-08	-1.02466e-08	-2.54429e-08	6.21626e-08
0.00812425	-0.000206388	-1.00121e-08	-0.000206388	-0.000113845	-2.48218e-08	-1.00121e-08	-2.48218e-08	6.06571e-08
0.00796449	-0.000201477	-9.79404e-09	-0.000201477	-0.000111134	-2.42302e-08	-9.79404e-09	-2.42302e-08	5.92228e-08
16.9066	-2.12101	-0.0024653	-2.12101	28.2114	0.00387405	-0.0024653	0.00387405	4.56117e-06
0.762418	-0.0080433	-4.03229e-05	-0.0080433	-0.00467285	-4.30128e-07	-4.03229e-05	-4.30128e-07	1.50321e-06
0.468038	-0.00412759	-1.55024e-05	-0.00412759	-0.00232987	-3.19432e-07	-1.55024e-05	-3.19432e-07	9.38139e-07
0.311951	-0.00279092	-7.55555e-06	-0.00279092	-0.00155178	-2.45364e-07	-7.55555e-06	-2.45364e-07	6.8191e-07
0.216307	-0.0021115	-4.14944e-06	-0.0021115	-0.00116328	-1.98123e-07	-4.14944e-06	-1.98123e-07	5.3564e-07
0.163273	-0.00169732	-2.60072e-06	-0.00169732	-0.000930358	-1.65897e-07	-2.60072e-06	-1.65897e-07	4.41047e-07
0.128934	-0.00141881	-1.76119e-06	-0.00141881	-0.00077515	-1.42595e-07	-1.76119e-06	-1.42595e-07	3.74853e-07
0.105443	-0.0012187	-1.26405e-06	-0.0012187	-0.000664323	-1.24992e-07	-1.26405e-06	-1.24992e-07	3.25937e-07
0.0903146	-0.0010678	-9.65635e-07	-0.0010678	-0.000581223	-1.11239e-07	-9.65635e-07	-1.11239e-07	2.88314e-07
0.0743354	-0.000937631	-7.14331e-07	-0.000937631	-0.000511865	-9.81787e-08	-7.14331e-07	-9.81787e-08	2.55835e-07
0.0638177	-0.000783217	-5.23637e-07	-0.000783217	-0.000429349	-7.85355e-08	-5.23637e-07	-7.85355e-08	2.17692e-07
0.0502394	-0.0005834	-3.16373e-07	-0.0005834	-0.000324423	-5.0781e-08	-3.16373e-07	-5.0781e-08	1.67812e-07
0.0387952	-0.000493375	-2.12989e-07	-0.000493375	-0.000258082	-3.41221e-08	-2.12989e-07	-3.41221e-08	1.422e-07
0.0329473	-0.000472476	-1.71993e-07	-0.000472476	-0.000221991	-2.66405e-08	-1.71993e-07	-2.66405e-08	1.29864e-07
0.0285655	-0.000563355	-1.55211e-07	-0.000563355	-0.000128936	-1.33352e-08	-1.55211e-07	-1.33352e-08	1.19498e-07
0.0233614	-0.000393602	-1.10272e-07	-0.000393602	-0.000152587	-1.54048e-08	-1.10272e-07	-1.54048e-08	1.10663e-07
0.0191502	-0.000295599	-8.14403e-08	-0.000295599	-0.000162648	-1.5624e-08	-8.14403e-08	-1.5624e-08	1.03044e-07
0.0149788	-0.000213249	-5.79012e-08	-0.000213249	-0.000169237	-1.54476e-08	-5.79012e-08	-1.54476e-08	9.64071e-08
0.0105335	-0.000137488	-3.51985e-08	-0.000137488	-0.000178261	-1.46805e-08	-3.51985e-08	-1.46805e-08	8.5823e-08
0.00595371	-6.93624e-05	-1.21544e-08	-6.93624e-05	-0.000234055	-1.23646e-08	-1.21544e-08	-1.23646e-08	5.43498e-08
0.00297686	-3.46812e-05	-6.07719e-09	-3.46812e-05	-0.000117028	-6.1823e-09	-6.07719e-09	-6.1823e-09	2.71749e-08
0.00155066	-2.63299e-06	-2.67617e-09	-2.63299e-06	-0.000127601	-6.09237e-09	-2.67617e-09	-6.09237e-09	2.45173e-08
0.00129232	3.96082e-06	-2.64168e-09	3.96082e-06	-0.000130226	-6.0441e-09	-2.64168e-09	-6.0441e-09	2.39387e-08
