1.00056	3.93489e-05	0	3.93489e-05	2.7454e-06	0	0	0	7.40617e-08
1.00141	5.86962e-05	0	5.86962e-05	4.34212e-05	0	0	0	1.11123e-07
1.00254	7.76508e-05	0	7.76508e-05	6.40412e-05	0	0	0	1.48205e-07
1.00395	9.60817e-05	0	9.60817e-05	8.41969e-05	0	0	0	1.85308e-07
1.00564	0.000113858	0	0.000113858	0.000103741	0	0	0	2.22431e-07
1.00762	0.000130848	0	0.000130848	0.000122527	0	0	0	2.59575e-07
1.00987	0.00014692	0	0.00014692	0.00014041	0	0	0	2.96739e-07
1.01241	0.000161943	0	0.000161943	0.000157246	0	0	0	3.33924e-07
1.01524	0.000175786	0	0.000175786	0.000172891	0	0	0	3.71129e-07
1.01834	0.000188315	0	0.000188315	0.000187205	0	0	0	4.08355e-07
1.02173	0.0001994	0	0.0001994	0.000200049	0	0	0	4.45601e-07
1.0254	0.000208907	0	0.000208907	0.000211286	0	0	0	4.82868e-07
1.02936	0.000216703	0	0.000216703	0.00022078	0	0	0	5.20155e-07
1.0336	0.000222657	0	0.000222657	0.000228399	0	0	0	5.57463e-07
1.03812	0.000226635	0	0.000226635	0.000234015	0	0	0	5.94791e-07
1.04292	0.000228503	0	0.000228503	0.000237499	0	0	0	6.3214e-07
1.04801	0.000228129	0	0.000228129	0.000238727	0	0	0	6.69509e-07
1.05339	0.000225379	0	0.000225379	0.00023758	0	0	0	7.06899e-07
1.05905	0.000220119	0	0.000220119	0.000233941	0	0	0	7.44309e-07
1.06499	0.000212215	0	0.000212215	0.000227697	0	0	0	7.8174e-07
1.07065	0.000184093	0	0.000184093	0.000218202	0	0	0	7.44309e-07
1.07603	0.0001586	0	0.0001586	0.000188769	0	0	0	7.06899e-07
1.08113	0.000135608	0	0.000135608	0.000162208	0	0	0	6.69509e-07
1.08594	0.000114988	0	0.000114988	0.000138355	0	0	0	6.3214e-07
1.09047	9.66072e-05	0	9.66072e-05	0.000117047	0	0	0	5.94791e-07
1.09472	8.03367e-05	0	8.03367e-05	9.81262e-05	0	0	0	5.57463e-07
1.09869	6.60452e-05	0	6.60452e-05	8.14366e-05	0	0	0	5.20155e-07
1.10237	5.36013e-05	0	5.36013e-05	6.68253e-05	0	0	0	4.82868e-07
1.10577	4.28736e-05	0	4.28736e-05	5.41419e-05	0	0	0	4.45601e-07
1.10889	3.37304e-05	0	3.37304e-05	4.32386e-05	0	0	0	4.08355e-07
1.11172	2.60401e-05	0	2.60401e-05	3.39697e-05	0	0	0	3.71129e-07
1.11427	1.96706e-05	0	1.96706e-05	2.61918e-05	0	0	0	3.33924e-07
1.11654	1.44901e-05	0	1.44901e-05	1.97632e-05	0	0	0	2.96739e-07
1.11852	1.03666e-05	0	1.03666e-05	1.45443e-05	0	0	0	2.59575e-07
1.12022	7.1679e-06	0	7.1679e-06	1.03968e-05	0	0	0	2.22431e-07
1.12164	4.76201e-06	0	4.76201e-06	7.18391e-06	0	0	0	1.85308e-07
1.12277	3.01678e-06	0	3.01678e-06	4.77004e-06	0	0	0	1.48205e-07
1.12362	1.80011e-06	0	1.80011e-06	3.0206e-06	0	0	0	1.11123e-07
1.12419	9.79839e-07	0	9.79839e-07	1.8018e-06	0	0	0	7.40617e-08
1.12447	4.2385e-07	0	4.2385e-07	9.80473e-07	0	0	0	3.70206e-08
1.12447	0	0	0	4.2385e-07	0	0	0	0
1.12476	4.2385e-07	0	4.2385e-07	6.33996e-10	0	0	0	3.70206e-08
1.12532	8.91747e-07	-1.58419e-12	8.91747e-07	4.25267e-07	1.00678e-09	-1.58419e-12	1.00678e-09	7.40207e-08
1.12617	1.33762e-06	-3.56432e-12	1.33762e-06	8.93898e-07	2.26518e-09	-3.56432e-12	2.26518e-09	1.11029e-07
1.12731	1.78349e-06	-6.33644e-12	1.78349e-06	1.34054e-06	4.02691e-09	-6.33644e-12	4.02691e-09	1.48038e-07
1.12872	2.22937e-06	-9.90049e-12	2.22937e-06	1.78722e-06	6.29192e-09	-9.90049e-12	6.29192e-09	1.85045e-07
1.13042	2.67524e-06	-1.42564e-11	2.67524e-06	2.23395e-06	9.06017e-09	-1.42564e-11	9.06017e-09	2.22052e-07
1.13241	3.12111e-06	-1.94041e-11	3.12111e-06	2.68074e-06	1.23316e-08	-1.94041e-11	1.23316e-08	2.59058e-07
1.13467	3.56699e-06	-2.53437e-11	3.56699e-06	3.1276e-06	1.61063e-08	-2.53437e-11	1.61063e-08	2.96063e-07
1.13722	4.01286e-06	-3.20749e-11	4.01286e-06	3.57455e-06	2.03841e-08	-3.20749e-11	2.03841e-08	3.33068e-07
1.14006	4.45873e-06	-3.95978e-11	4.45873e-06	4.02159e-06	2.5165e-08	-3.95978e-11	2.5165e-08	3.70071e-07
1.14317	4.9046e-06	-4.79123e-11	4.9046e-06	4.46873e-06	3.0449e-08	-4.79123e-11	3.0449e-08	4.07074e-07
1.14657	5.35048e-06	-5.70184e-11	5.35048e-06	4.91598e-06	3.62361e-08	-5.70184e-11	3.62361e-08	4.44076e-07
1.15026	5.79635e-06	-6.6916e-11	5.79635e-06	5.36336e-06	4.25262e-08	-6.6916e-11	4.25262e-08	4.81077e-07
1.15422	6.24222e-06	-7.76051e-11	6.24222e-06	5.81086e-06	4.93193e-08	-7.76051e-11	4.93193e-08	5.18078e-07
1.15848	6.68809e-06	-8.90856e-11	6.68809e-06	6.25852e-06	5.66153e-08	-8.90856e-11	5.66153e-08	5.55077e-07
1.16301	7.13396e-06	-1.01357e-10	7.13396e-06	6.70632e-06	6.44143e-08	-1.01357e-10	6.44143e-08	5.92076e-07
1.16783	7.57983e-06	-1.14421e-10	7.57983e-06	7.15429e-06	7.27161e-08	-1.14421e-10	7.27161e-08	6.29074e-07
1.17293	8.02571e-06	-1.28275e-10	8.02571e-06	7.60244e-06	8.15208e-08	-1.28275e-10	8.15208e-08	6.66072e-07
1.17831	8.47158e-06	-1.42921e-10	8.47158e-06	8.05077e-06	9.08284e-08	-1.42921e-10	9.08284e-08	7.03068e-07
1.18398	8.91745e-06	-1.58357e-10	8.91745e-06	8.49929e-06	1.00639e-07	-1.58357e-10	1.00639e-07	7.40064e-07
1.18993	9.36332e-06	-1.74585e-10	9.36332e-06	8.94802e-06	1.10952e-07	-1.74585e-10	1.10952e-07	7.77059e-07
1.19616	9.80919e-06	-1.91604e-10	9.80919e-06	9.39696e-06	1.21768e-07	-1.91604e-10	1.21768e-07	8.14053e-07
1.20268	1.02551e-05	-2.09414e-10	1.02551e-05	9.84613e-06	1.33086e-07	-2.09414e-10	1.33086e-07	8.51046e-07
1.20948	1.07009e-05	-2.28015e-10	1.07009e-05	1.02955e-05	1.44907e-07	-2.28015e-10	1.44907e-07	8.88039e-07
1.21656	1.11468e-05	-2.47407e-10	1.11468e-05	1.07452e-05	1.57231e-07	-2.47407e-10	1.57231e-07	9.2503e-07
1.22393	1.15927e-05	-2.6759e-10	1.15927e-05	1.11951e-05	1.70058e-07	-2.6759e-10	1.70058e-07	9.62021e-07
1.23158	1.20385e-05	-2.88563e-10	1.20385e-05	1.16453e-05	1.83387e-07	-2.88563e-10	1.83387e-07	9.99011e-07
1.23952	1.24844e-05	-3.10328e-10	1.24844e-05	1.20957e-05	1.97218e-07	-3.10328e-10	1.97218e-07	1.036e-06
1.24773	1.29303e-05	-3.32883e-10	1.29303e-05	1.25464e-05	2.11552e-07	-3.32883e-10	2.11552e-07	1.07299e-06
1.25623	1.33761e-05	-3.56228e-10	1.33761e-05	1.29975e-05	2.26389e-07	-3.56228e-10	2.26389e-07	1.10998e-06
1.26502	1.3822e-05	-3.80364e-10	1.3822e-05	1.34488e-05	2.41728e-07	-3.80364e-10	2.41728e-07	1.14696e-06
1.27409	1.42679e-05	-4.05291e-10	1.42679e-05	1.39005e-05	2.57569e-07	-4.05291e-10	2.57569e-07	1.18395e-06
1.28344	1.47137e-05	-4.31009e-10	1.47137e-05	1.43524e-05	2.73913e-07	-4.31009e-10	2.73913e-07	1.22094e-06
1.29307	1.51596e-05	-4.57516e-10	1.51596e-05	1.48048e-05	2.90759e-07	-4.57516e-10	2.90759e-07	1.25792e-06
1.30299	1.56055e-05	-4.84814e-10	1.56055e-05	1.52574e-05	3.08107e-07	-4.84814e-10	3.08107e-07	1.2949e-06
1.31319	1.60513e-05	-5.12903e-10	1.60513e-05	1.57105e-05	3.25958e-07	-5.12903e-10	3.25958e-07	1.33189e-06
1.32367	1.64972e-05	-5.41782e-10	1.64972e-05	1.61638e-05	3.44311e-07	-5.41782e-10	3.44311e-07	1.36887e-06
1.33444	1.6943e-05	-5.71451e-10	1.6943e-05	1.66176e-05	3.63166e-07	-5.71451e-10	3.63166e-07	1.40585e-06
1.34549	1.73889e-05	-6.0191e-10	1.73889e-05	1.70718e-05	3.82523e-07	-6.0191e-10	3.82523e-07	1.44283e-06
1.35683	1.78348e-05	-6.33159e-10	1.78348e-05	1.75263e-05	4.02383e-07	-6.33159e-10	4.02383e-07	1.47981e-06
1.36844	1.82806e-05	-6.65199e-10	1.82806e-05	1.79813e-05	4.22744e-07	-6.65199e-10	4.22744e-07	1.51679e-06
1.38035	1.87265e-05	-6.98028e-10	1.87265e-05	1.84367e-05	4.43608e-07	-6.98028e-10	4.43608e-07	1.55377e-06
1.39253	1.91723e-05	-7.31648e-10	1.91723e-05	1.88925e-05	4.64974e-07	-7.31648e-10	4.64974e-07	1.59075e-06
1.405	1.96182e-05	-7.66057e-10	1.96182e-05	1.93488e-05	4.86842e-07	-7.66057e-10	4.86842e-07	1.62772e-06
1.41775	2.00641e-05	-8.01257e-10	2.00641e-05	1.98055e-05	5.09211e-07	-8.01257e-10	5.09211e-07	1.6647e-06
1.43078	2.05099e-05	-8.37246e-10	2.05099e-05	2.02626e-05	5.32083e-07	-8.37246e-10	5.32083e-07	1.70167e-06
1.4441	2.09558e-05	-8.74025e-10	2.09558e-05	2.07203e-05	5.55457e-07	-8.74025e-10	5.55457e-07	1.73865e-06
1.4577	2.14016e-05	-9.11593e-10	2.14016e-05	2.11784e-05	5.79332e-07	-9.11593e-10	5.79332e-07	1.77562e-06
1.47159	2.18475e-05	-9.49952e-10	2.18475e-05	2.1637e-05	6.0371e-07	-9.49952e-10	6.0371e-07	1.81259e-06
1.48576	2.22933e-05	-9.891e-10	2.22933e-05	2.20961e-05	6.28589e-07	-9.891e-10	6.28589e-07	1.84957e-06
1.50021	2.27392e-05	-1.02904e-09	2.27392e-05	2.25557e-05	6.5397e-07	-1.02904e-09	6.5397e-07	1.88654e-06
1.51494	2.3185e-05	-1.06976e-09	2.3185e-05	2.30158e-05	6.79853e-07	-1.06976e-09	6.79853e-07	1.92351e-06
1.52996	2.36309e-05	-1.11128e-09	2.36309e-05	2.34765e-05	7.06237e-07	-1.11128e-09	7.06237e-07	1.96048e-06
1.54526	2.40767e-05	-1.15359e-09	2.40767e-05	2.39377e-05	7.33123e-07	-1.15359e-09	7.33123e-07	1.99745e-06
1.56085	2.45226e-05	-1.19668e-09	2.45226e-05	2.43995e-05	7.60511e-07	-1.19668e-09	7.60511e-07	2.03441e-06
1.57671	2.49684e-05	-1.24057e-09	2.49684e-05	2.48618e-05	7.88401e-07	-1.24057e-09	7.88401e-07	2.07138e-06
1.59287	2.54143e-05	-1.28524e-09	2.54143e-05	2.53247e-05	8.16792e-07	-1.28524e-09	8.16792e-07	2.10835e-06
1.6093	2.58601e-05	-1.33071e-09	2.58601e-05	2.57881e-05	8.45684e-07	-1.33071e-09	8.45684e-07	2.14531e-06
1.62602	2.6306e-05	-1.37696e-09	2.6306e-05	2.62522e-05	8.75079e-07	-1.37696e-09	8.75079e-07	2.18228e-06
1.64302	2.67518e-05	-1.424e-09	2.67518e-05	2.67169e-05	9.04974e-07	-1.424e-09	9.04974e-07	2.21924e-06
1.66031	2.71977e-05	-1.47183e-09	2.71977e-05	2.71822e-05	9.35372e-07	-1.47183e-09	9.35372e-07	2.25621e-06
1.67787	2.76435e-05	-1.52045e-09	2.76435e-05	2.76481e-05	9.6627e-07	-1.52045e-09	9.6627e-07	2.29317e-06
1.69573	2.80894e-05	-1.56986e-09	2.80894e-05	2.81146e-05	9.9767e-07	-1.56986e-09	9.9767e-07	2.33013e-06
1.71386	2.85352e-05	-1.62006e-09	2.85352e-05	2.85818e-05	1.02957e-06	-1.62006e-09	1.02957e-06	2.36709e-06
1.73228	2.8981e-05	-1.67104e-09	2.8981e-05	2.90496e-05	1.06197e-06	-1.67104e-09	1.06197e-06	2.40405e-06
1.75098	2.94269e-05	-1.72282e-09	2.94269e-05	2.95181e-05	1.09488e-06	-1.72282e-09	1.09488e-06	2.44101e-06
1.76997	2.98727e-05	-1.77538e-09	2.98727e-05	2.99873e-05	1.12828e-06	-1.77538e-09	1.12828e-06	2.47797e-06
1.78923	3.03185e-05	-1.82874e-09	3.03185e-05	3.04571e-05	1.16219e-06	-1.82874e-09	1.16219e-06	2.51493e-06
1.80879	3.07644e-05	-1.88288e-09	3.07644e-05	3.09276e-05	1.1966e-06	-1.88288e-09	1.1966e-06	2.55188e-06
1.82862	3.12102e-05	-1.93781e-09	3.12102e-05	3.13989e-05	1.23151e-06	-1.93781e-09	1.23151e-06	2.58884e-06
1.84874	3.1656e-05	-1.99353e-09	3.1656e-05	3.18709e-05	1.26692e-06	-1.99353e-09	1.26692e-06	2.6258e-06
1.86914	3.21019e-05	-2.05003e-09	3.21019e-05	3.23435e-05	1.30283e-06	-2.05003e-09	1.30283e-06	2.66275e-06
1.88983	3.25477e-05	-2.10733e-09	3.25477e-05	3.28169e-05	1.33924e-06	-2.10733e-09	1.33924e-06	2.6997e-06
1.9108	3.29935e-05	-2.16541e-09	3.29935e-05	3.32911e-05	1.37615e-06	-2.16541e-09	1.37615e-06	2.73666e-06
1.93205	3.34394e-05	-2.22429e-09	3.34394e-05	3.3766e-05	1.41357e-06	-2.22429e-09	1.41357e-06	2.77361e-06
1.95358	3.38852e-05	-2.28395e-09	3.38852e-05	3.42417e-05	1.45148e-06	-2.28395e-09	1.45148e-06	2.81056e-06
1.9754	3.4331e-05	-2.3444e-09	3.4331e-05	3.47182e-05	1.4899e-06	-2.3444e-09	1.4899e-06	2.84751e-06
1.9975	3.47769e-05	-2.40563e-09	3.47769e-05	3.51954e-05	1.52882e-06	-2.40563e-09	1.52882e-06	2.88446e-06
2.01989	3.52227e-05	-2.46766e-09	3.52227e-05	3.56734e-05	1.56824e-06	-2.46766e-09	1.56824e-06	2.92141e-06
2.04256	3.56685e-05	-2.53047e-09	3.56685e-05	3.61523e-05	1.60816e-06	-2.53047e-09	1.60816e-06	2.95836e-06
2.06523	3.56685e-05	-2.53037e-09	3.56685e-05	3.6598e-05	1.60809e-06	-2.53037e-09	1.60809e-06	2.9583e-06
2.08789	3.56685e-05	-2.53037e-09	3.56685e-05	3.6598e-05	1.60809e-06	-2.53037e-09	1.60809e-06	2.9583e-06
2.11056	3.56685e-05	-2.53037e-09	3.56685e-05	3.6598e-05	1.60809e-06	-2.53037e-09	1.60809e-06	2.9583e-06
2.13323	3.56685e-05	-2.53037e-09	3.56685e-05	3.6598e-05	1.60809e-06	-2.53037e-09	1.60809e-06	2.9583e-06
2.1559	3.56685e-05	-2.53037e-09	3.56685e-05	3.6598e-05	1.60809e-06	-2.53037e-09	1.60809e-06	2.9583e-06
2.17857	3.56685e-05	-2.53037e-09	3.56685e-05	3.6598e-05	1.60809e-06	-2.53037e-09	1.60809e-06	2.9583e-06
2.20124	3.56685e-05	-2.53037e-09	3.56685e-05	3.6598e-05	1.60809e-06	-2.53037e-09	1.60809e-06	2.9583e-06
2.22391	3.56685e-05	-2.53037e-09	3.56685e-05	3.6598e-05	1.60809e-06	-2.53037e-09	1.60809e-06	2.9583e-06
2.24658	3.56685e-05	-2.53037e-09	3.56685e-05	3.6598e-05	1.60809e-06	-2.53037e-09	1.60809e-06	2.9583e-06
2.26924	3.56685e-05	-2.53037e-09	3.56685e-05	3.6598e-05	1.60809e-06	-2.53037e-09	1.60809e-06	2.9583e-06
2.29191	3.56685e-05	-2.53037e-09	3.56685e-05	3.6598e-05	1.60809e-06	-2.53037e-09	1.60809e-06	2.9583e-06
2.31458	3.56685e-05	-2.53037e-09	3.56685e-05	3.6598e-05	1.60809e-06	-2.53037e-09	1.60809e-06	2.9583e-06
2.33725	3.56685e-05	-2.53037e-09	3.56685e-05	3.6598e-05	1.60809e-06	-2.53037e-09	1.60809e-06	2.9583e-06
2.35992	3.56685e-05	-2.53037e-09	3.56685e-05	3.6598e-05	1.60809e-06	-2.53037e-09	1.60809e-06	2.9583e-06
2.38259	3.56685e-05	-2.53037e-09	3.56685e-05	3.6598e-05	1.60809e-06	-2.53037e-09	1.60809e-06	2.9583e-06
2.40526	3.56685e-05	-2.53037e-09	3.56685e-05	3.6598e-05	1.60809e-06	-2.53037e-09	1.60809e-06	2.9583e-06
2.42793	3.56685e-05	-2.53037e-09	3.56685e-05	3.6598e-05	1.60809e-06	-2.53037e-09	1.60809e-06	2.9583e-06
2.4506	3.56685e-05	-2.53037e-09	3.56685e-05	3.6598e-05	1.60809e-06	-2.53037e-09	1.60809e-06	2.9583e-06
2.47326	3.56685e-05	-2.53037e-09	3.56685e-05	3.6598e-05	1.60809e-06	-2.53037e-09	1.60809e-06	2.9583e-06
2.49593	3.56685e-05	-2.53037e-09	3.56685e-05	3.6598e-05	1.60809e-06	-2.53037e-09	1.60809e-06	2.9583e-06
2.5186	3.56685e-05	-2.53037e-09	3.56685e-05	3.6598e-05	1.60809e-06	-2.53037e-09	1.60809e-06	2.9583e-06
2.54127	3.56685e-05	-2.53037e-09	3.56685e-05	3.6598e-05	1.60809e-06	-2.53037e-09	1.60809e-06	2.9583e-06
2.56394	3.56685e-05	-2.53037e-09	3.56685e-05	3.6598e-05	1.60809e-06	-2.53037e-09	1.60809e-06	2.9583e-06
2.58661	3.56685e-05	-2.53037e-09	3.56685e-05	3.6598e-05	1.60809e-06	-2.53037e-09	1.60809e-06	2.9583e-06
2.60928	3.56685e-05	-2.53037e-09	3.56685e-05	3.6598e-05	1.60809e-06	-2.53037e-09	1.60809e-06	2.9583e-06
2.63195	3.56685e-05	-2.53037e-09	3.56685e-05	3.6598e-05	1.60809e-06	-2.53037e-09	1.60809e-06	2.9583e-06
2.65461	3.56685e-05	-2.53037e-09	3.56685e-05	3.6598e-05	1.60809e-06	-2.53037e-09	1.60809e-06	2.9583e-06
2.67728	3.56685e-05	-2.53037e-09	3.56685e-05	3.6598e-05	1.60809e-06	-2.53037e-09	1.60809e-06	2.9583e-06
2.69995	3.56685e-05	-2.53037e-09	3.56685e-05	3.6598e-05	1.60809e-06	-2.53037e-09	1.60809e-06	2.9583e-06
2.72262	3.56685e-05	-2.53037e-09	3.56685e-05	3.6598e-05	1.60809e-06	-2.53037e-09	1.60809e-06	2.9583e-06
2.74529	3.56685e-05	-2.53037e-09	3.56685e-05	3.6598e-05	1.60809e-06	-2.53037e-09	1.60809e-06	2.9583e-06
2.76796	3.56685e-05	-2.53037e-09	3.56685e-05	3.6598e-05	1.60809e-06	-2.53037e-09	1.60809e-06	2.9583e-06
2.79063	3.56685e-05	-2.53037e-09	3.56685e-05	3.6598e-05	1.60809e-06	-2.53037e-09	1.60809e-06	2.9583e-06
2.8133	3.56685e-05	-2.53037e-09	3.56685e-05	3.6598e-05	1.60809e-06	-2.53037e-09	1.60809e-06	2.9583e-06
2.83596	3.56685e-05	-2.53037e-09	3.56685e-05	3.6598e-05	1.60809e-06	-2.53037e-09	1.60809e-06	2.9583e-06
2.85863	3.56685e-05	-2.53037e-09	3.56685e-05	3.6598e-05	1.60809e-06	-2.53037e-09	1.60809e-06	2.9583e-06
2.8813	3.56685e-05	-2.53037e-09	3.56685e-05	3.6598e-05	1.60809e-06	-2.53037e-09	1.60809e-06	2.9583e-06
2.90397	3.56685e-05	-2.53037e-09	3.56685e-05	3.6598e-05	1.60809e-06	-2.53037e-09	1.60809e-06	2.9583e-06
2.92664	3.56685e-05	-2.53037e-09	3.56685e-05	3.6598e-05	1.60809e-06	-2.53037e-09	1.60809e-06	2.9583e-06
2.94931	3.56685e-05	-2.53037e-09	3.56685e-05	3.6598e-05	1.60809e-06	-2.53037e-09	1.60809e-06	2.9583e-06
2.97198	3.56685e-05	-2.53037e-09	3.56685e-05	3.6598e-05	1.60809e-06	-2.53037e-09	1.60809e-06	2.9583e-06
2.99465	3.56685e-05	-2.53037e-09	3.56685e-05	3.6598e-05	1.60809e-06	-2.53037e-09	1.60809e-06	2.9583e-06
3.01731	3.56685e-05	-2.53037e-09	3.56685e-05	3.6598e-05	1.60809e-06	-2.53037e-09	1.60809e-06	2.9583e-06
3.03998	3.56685e-05	-2.53037e-09	3.56685e-05	3.6598e-05	1.60809e-06	-2.53037e-09	1.60809e-06	2.9583e-06
3.06265	3.56685e-05	-2.53037e-09	3.56685e-05	3.6598e-05	1.60809e-06	-2.53037e-09	1.60809e-06	2.9583e-06
3.08532	3.56685e-05	-2.53037e-09	3.56685e-05	3.6598e-05	1.60809e-06	-2.53037e-09	1.60809e-06	2.9583e-06
3.10799	3.56685e-05	-2.53037e-09	3.56685e-05	3.6598e-05	1.60809e-06	-2.53037e-09	1.60809e-06	2.9583e-06
3.13066	3.56685e-05	-2.53037e-09	3.56685e-05	3.6598e-05	1.60809e-06	-2.53037e-09	1.60809e-06	2.9583e-06
3.15333	3.56685e-05	-2.53037e-09	3.56685e-05	3.6598e-05	1.60809e-06	-2.53037e-09	1.60809e-06	2.9583e-06
3.176	3.56685e-05	-2.53037e-09	3.56685e-05	3.6598e-05	1.60809e-06	-2.53037e-09	1.60809e-06	2.9583e-06
3.19866	3.56685e-05	-2.53037e-09	3.56685e-05	3.6598e-05	1.60809e-06	-2.53037e-09	1.60809e-06	2.9583e-06
3.22133	3.56685e-05	-2.53037e-09	3.56685e-05	3.6598e-05	1.60809e-06	-2.53037e-09	1.60809e-06	2.9583e-06
3.244	3.56685e-05	-2.53037e-09	3.56685e-05	3.6598e-05	1.60809e-06	-2.53037e-09	1.60809e-06	2.9583e-06
3.26667	3.56685e-05	-2.53037e-09	3.56685e-05	3.6598e-05	1.60809e-06	-2.53037e-09	1.60809e-06	2.9583e-06
3.28934	3.56685e-05	-2.53037e-09	3.56685e-05	3.6598e-05	1.60809e-06	-2.53037e-09	1.60809e-06	2.9583e-06
3.31201	3.56685e-05	-2.53037e-09	3.56685e-05	3.6598e-05	1.60809e-06	-2.53037e-09	1.60809e-06	2.9583e-06
3.33468	3.56685e-05	-2.53037e-09	3.56685e-05	3.6598e-05	1.60809e-06	-2.53037e-09	1.60809e-06	2.9583e-06
3.35735	3.56685e-05	-2.53037e-09	3.56685e-05	3.6598e-05	1.60809e-06	-2.53037e-09	1.60809e-06	2.9583e-06
3.38001	3.56685e-05	-2.53037e-09	3.56685e-05	3.6598e-05	1.60809e-06	-2.53037e-09	1.60809e-06	2.9583e-06
3.40268	3.56685e-05	-2.53037e-09	3.56685e-05	3.6598e-05	1.60809e-06	-2.53037e-09	1.60809e-06	2.9583e-06
3.42535	3.56685e-05	-2.53037e-09	3.56685e-05	3.6598e-05	1.60809e-06	-2.53037e-09	1.60809e-06	2.9583e-06
3.44802	3.56685e-05	-2.53037e-09	3.56685e-05	3.6598e-05	1.60809e-06	-2.53037e-09	1.60809e-06	2.9583e-06
3.47069	3.56685e-05	-2.53037e-09	3.56685e-05	3.6598e-05	1.60809e-06	-2.53037e-09	1.60809e-06	2.9583e-06
3.49336	3.56685e-05	-2.53037e-09	3.56685e-05	3.6598e-05	1.60809e-06	-2.53037e-09	1.60809e-06	2.9583e-06
3.51603	3.56685e-05	-2.53037e-09	3.56685e-05	3.6598e-05	1.60809e-06	-2.53037e-09	1.60809e-06	2.9583e-06
3.5387	3.56685e-05	-2.53037e-09	3.56685e-05	3.6598e-05	1.60809e-06	-2.53037e-09	1.60809e-06	2.9583e-06
3.56136	3.56685e-05	-2.53037e-09	3.56685e-05	3.6598e-05	1.60809e-06	-2.53037e-09	1.60809e-06	2.9583e-06
3.58403	3.56685e-05	-2.53037e-09	3.56685e-05	3.6598e-05	1.60809e-06	-2.53037e-09	1.60809e-06	2.9583e-06
3.6067	3.56685e-05	-2.53037e-09	3.56685e-05	3.6598e-05	1.60809e-06	-2.53037e-09	1.60809e-06	2.9583e-06
3.62937	3.56685e-05	-2.53037e-09	3.56685e-05	3.6598e-05	1.60809e-06	-2.53037e-09	1.60809e-06	2.9583e-06
3.65204	3.56685e-05	-2.53037e-09	3.56685e-05	3.6598e-05	1.60809e-06	-2.53037e-09	1.60809e-06	2.9583e-06
3.67471	3.56685e-05	-2.53037e-09	3.56685e-05	3.6598e-05	1.60809e-06	-2.53037e-09	1.60809e-06	2.9583e-06
3.69738	3.56685e-05	-2.53037e-09	3.56685e-05	3.6598e-05	1.60809e-06	-2.53037e-09	1.60809e-06	2.9583e-06
3.72005	3.56685e-05	-2.53037e-09	3.56685e-05	3.6598e-05	1.60809e-06	-2.53037e-09	1.60809e-06	2.9583e-06
3.74272	3.56685e-05	-2.53037e-09	3.56685e-05	3.6598e-05	1.60809e-06	-2.53037e-09	1.60809e-06	2.9583e-06
3.76538	3.56685e-05	-2.53037e-09	3.56685e-05	3.6598e-05	1.60809e-06	-2.53037e-09	1.60809e-06	2.9583e-06
3.78805	3.56685e-05	-2.53037e-09	3.56685e-05	3.6598e-05	1.60809e-06	-2.53037e-09	1.60809e-06	2.9583e-06
3.81072	3.56685e-05	-2.53037e-09	3.56685e-05	3.6598e-05	1.60809e-06	-2.53037e-09	1.60809e-06	2.9583e-06
3.83339	3.56685e-05	-2.53037e-09	3.56685e-05	3.6598e-05	1.60809e-06	-2.53037e-09	1.60809e-06	2.9583e-06
3.85606	3.56685e-05	-2.53037e-09	3.56685e-05	3.6598e-05	1.60809e-06	-2.53037e-09	1.60809e-06	2.9583e-06
3.87873	3.56685e-05	-2.53037e-09	3.56685e-05	3.6598e-05	1.60809e-06	-2.53037e-09	1.60809e-06	2.9583e-06
3.9014	3.56685e-05	-2.53037e-09	3.56685e-05	3.6598e-05	1.60809e-06	-2.53037e-09	1.60809e-06	2.9583e-06
3.92407	3.56685e-05	-2.53037e-09	3.56685e-05	3.6598e-05	1.60809e-06	-2.53037e-09	1.60809e-06	2.9583e-06
3.94673	3.56685e-05	-2.53037e-09	3.56685e-05	3.6598e-05	1.60809e-06	-2.53037e-09	1.60809e-06	2.9583e-06
3.9694	3.56685e-05	-2.53037e-09	3.56685e-05	3.6598e-05	1.60809e-06	-2.53037e-09	1.60809e-06	2.9583e-06
3.99207	3.56685e-05	-2.53037e-09	3.56685e-05	3.6598e-05	1.60809e-06	-2.53037e-09	1.60809e-06	2.9583e-06
4.01474	3.56685e-05	-2.53037e-09	3.56685e-05	3.6598e-05	1.60809e-06	-2.53037e-09	1.60809e-06	2.9583e-06
4.03741	3.56685e-05	-2.53037e-09	3.56685e-05	3.6598e-05	1.60809e-06	-2.53037e-09	1.60809e-06	2.9583e-06
4.06008	3.56685e-05	-2.53037e-09	3.56685e-05	3.6598e-05	1.60809e-06	-2.53037e-09	1.60809e-06	2.9583e-06
4.08275	3.56685e-05	-2.53037e-09	3.56685e-05	3.6598e-05	1.60809e-06	-2.53037e-09	1.60809e-06	2.9583e-06
4.10542	3.56685e-05	-2.53037e-09	3.56685e-05	3.6598e-05	1.60809e-06	-2.53037e-09	1.60809e-06	2.9583e-06
4.12808	3.56685e-05	-2.53037e-09	3.56685e-05	3.6598e-05	1.60809e-06	-2.53037e-09	1.60809e-06	2.9583e-06
4.15075	3.56685e-05	-2.53037e-09	3.56685e-05	3.6598e-05	1.60809e-06	-2.53037e-09	1.60809e-06	2.9583e-06
4.17342	3.56685e-05	-2.53037e-09	3.56685e-05	3.6598e-05	1.60809e-06	-2.53037e-09	1.60809e-06	2.9583e-06
4.19609	3.56685e-05	-2.53037e-09	3.56685e-05	3.6598e-05	1.60809e-06	-2.53037e-09	1.60809e-06	2.9583e-06
4.21876	3.56685e-05	-2.53037e-09	3.56685e-05	3.6598e-05	1.60809e-06	-2.53037e-09	1.60809e-06	2.9583e-06
4.24143	3.56685e-05	-2.53037e-09	3.56685e-05	3.6598e-05	1.60809e-06	-2.53037e-09	1.60809e-06	2.9583e-06
4.2641	3.56685e-05	-2.53037e-09	3.56685e-05	3.6598e-05	1.60809e-06	-2.53037e-09	1.60809e-06	2.9583e-06
4.28677	3.56685e-05	-2.53037e-09	3.56685e-05	3.6598e-05	1.60809e-06	-2.53037e-09	1.60809e-06	2.9583e-06
4.30943	3.56685e-05	-2.53037e-09	3.56685e-05	3.6598e-05	1.60809e-06	-2.53037e-09	1.60809e-06	2.9583e-06
4.3321	3.56685e-05	-2.53037e-09	3.56685e-05	3.6598e-05	1.60809e-06	-2.53037e-09	1.60809e-06	2.9583e-06
4.35477	3.56685e-05	-2.53037e-09	3.56685e-05	3.6598e-05	1.60809e-06	-2.53037e-09	1.60809e-06	2.9583e-06
4.37744	3.56685e-05	-2.53037e-09	3.56685e-05	3.6598e-05	1.60809e-06	-2.53037e-09	1.60809e-06	2.9583e-06
4.40011	3.56685e-05	-2.53037e-09	3.56685e-05	3.6598e-05	1.60809e-06	-2.53037e-09	1.60809e-06	2.9583e-06
4.42278	3.56685e-05	-2.53037e-09	3.56685e-05	3.6598e-05	1.60809e-06	-2.53037e-09	1.60809e-06	2.9583e-06
4.44545	3.56685e-05	-2.53037e-09	3.56685e-05	3.6598e-05	1.60809e-06	-2.53037e-09	1.60809e-06	2.9583e-06
4.46812	3.56685e-05	-2.53037e-09	3.56685e-05	3.6598e-05	1.60809e-06	-2.53037e-09	1.60809e-06	2.9583e-06
4.49078	3.56685e-05	-2.53037e-09	3.56685e-05	3.6598e-05	1.60809e-06	-2.53037e-09	1.60809e-06	2.9583e-06
4.51345	3.56685e-05	-2.53037e-09	3.56685e-05	3.6598e-05	1.60809e-06	-2.53037e-09	1.60809e-06	2.9583e-06
4.53612	3.56685e-05	-2.53037e-09	3.56685e-05	3.6598e-05	1.60809e-06	-2.53037e-09	1.60809e-06	2.9583e-06
4.55879	3.56685e-05	-2.53037e-09	3.56685e-05	3.6598e-05	1.60809e-06	-2.53037e-09	1.60809e-06	2.9583e-06
4.58146	3.56685e-05	-2.53037e-09	3.56685e-05	3.6598e-05	1.60809e-06	-2.53037e-09	1.60809e-06	2.9583e-06
4.60413	3.56685e-05	-2.53037e-09	3.56685e-05	3.6598e-05	1.60809e-06	-2.53037e-09	1.60809e-06	2.9583e-06
4.6268	3.56685e-05	-2.53037e-09	3.56685e-05	3.6598e-05	1.60809e-06	-2.53037e-09	1.60809e-06	2.9583e-06
4.64947	3.56685e-05	-2.53037e-09	3.56685e-05	3.6598e-05	1.60809e-06	-2.53037e-09	1.60809e-06	2.9583e-06
4.67213	3.56685e-05	-2.53037e-09	3.56685e-05	3.6598e-05	1.60809e-06	-2.53037e-09	1.60809e-06	2.9583e-06
4.6948	3.56685e-05	-2.53037e-09	3.56685e-05	3.6598e-05	1.60809e-06	-2.53037e-09	1.60809e-06	2.9583e-06
4.71747	3.56685e-05	-2.53037e-09	3.56685e-05	3.6598e-05	1.60809e-06	-2.53037e-09	1.60809e-06	2.9583e-06
4.74014	3.56685e-05	-2.53037e-09	3.56685e-05	3.6598e-05	1.60809e-06	-2.53037e-09	1.60809e-06	2.9583e-06
4.76281	3.56685e-05	-2.53037e-09	3.56685e-05	3.6598e-05	1.60809e-06	-2.53037e-09	1.60809e-06	2.9583e-06
4.78548	3.56685e-05	-2.53037e-09	3.56685e-05	3.6598e-05	1.60809e-06	-2.53037e-09	1.60809e-06	2.9583e-06
4.80815	3.56685e-05	-2.53037e-09	3.56685e-05	3.6598e-05	1.60809e-06	-2.53037e-09	1.60809e-06	2.9583e-06
4.83082	3.56685e-05	-2.53037e-09	3.56685e-05	3.6598e-05	1.60809e-06	-2.53037e-09	1.60809e-06	2.9583e-06
4.85348	3.56685e-05	-2.53037e-09	3.56685e-05	3.6598e-05	1.60809e-06	-2.53037e-09	1.60809e-06	2.9583e-06
4.87615	3.56685e-05	-2.53037e-09	3.56685e-05	3.6598e-05	1.60809e-06	-2.53037e-09	1.60809e-06	2.9583e-06
4.89882	3.56685e-05	-2.53037e-09	3.56685e-05	3.6598e-05	1.60809e-06	-2.53037e-09	1.60809e-06	2.9583e-06
4.92149	3.56685e-05	-2.53037e-09	3.56685e-05	3.6598e-05	1.60809e-06	-2.53037e-09	1.60809e-06	2.9583e-06
4.94416	3.56685e-05	-2.53037e-09	3.56685e-05	3.6598e-05	1.60809e-06	-2.53037e-09	1.60809e-06	2.9583e-06
4.96683	3.56685e-05	-2.53037e-09	3.56685e-05	3.6598e-05	1.60809e-06	-2.53037e-09	1.60809e-06	2.9583e-06
4.9895	3.56685e-05	-2.53037e-09	3.56685e-05	3.6598e-05	1.60809e-06	-2.53037e-09	1.60809e-06	2.9583e-06
5.01217	3.56685e-05	-2.53037e-09	3.56685e-05	3.6598e-05	1.60809e-06	-2.53037e-09	1.60809e-06	2.9583e-06
5.03484	3.56685e-05	-2.53037e-09	3.56685e-05	3.6598e-05	1.60809e-06	-2.53037e-09	1.60809e-06	2.9583e-06
5.0575	3.56685e-05	-2.53037e-09	3.56685e-05	3.6598e-05	1.60809e-06	-2.53037e-09	1.60809e-06	2.9583e-06
5.08017	3.56685e-05	-2.53037e-09	3.56685e-05	3.6598e-05	1.60809e-06	-2.53037e-09	1.60809e-06	2.9583e-06
5.10284	3.56685e-05	-2.53037e-09	3.56685e-05	3.6598e-05	1.60809e-06	-2.53037e-09	1.60809e-06	2.9583e-06
5.12551	3.56685e-05	-2.53037e-09	3.56685e-05	3.6598e-05	1.60809e-06	-2.53037e-09	1.60809e-06	2.9583e-06
5.14818	3.56685e-05	-2.53037e-09	3.56685e-05	3.6598e-05	1.60809e-06	-2.53037e-09	1.60809e-06	2.9583e-06
5.17085	3.56685e-05	-2.53037e-09	3.56685e-05	3.6598e-05	1.60809e-06	-2.53037e-09	1.60809e-06	2.9583e-06
5.19352	3.56685e-05	-2.53037e-09	3.56685e-05	3.6598e-05	1.60809e-06	-2.53037e-09	1.60809e-06	2.9583e-06
5.21619	3.56685e-05	-2.53037e-09	3.56685e-05	3.6598e-05	1.60809e-06	-2.53037e-09	1.60809e-06	2.9583e-06
5.23885	3.56685e-05	-2.53037e-09	3.56685e-05	3.6598e-05	1.60809e-06	-2.53037e-09	1.60809e-06	2.9583e-06
5.26152	3.56685e-05	-2.53037e-09	3.56685e-05	3.6598e-05	1.60809e-06	-2.53037e-09	1.60809e-06	2.9583e-06
5.28419	3.56685e-05	-2.53037e-09	3.56685e-05	3.6598e-05	1.60809e-06	-2.53037e-09	1.60809e-06	2.9583e-06
5.30686	3.56685e-05	-2.53037e-09	3.56685e-05	3.6598e-05	1.60809e-06	-2.53037e-09	1.60809e-06	2.9583e-06
5.32953	3.56685e-05	-2.53037e-09	3.56685e-05	3.6598e-05	1.60809e-06	-2.53037e-09	1.60809e-06	2.9583e-06
5.3522	3.56685e-05	-2.53037e-09	3.56685e-05	3.6598e-05	1.60809e-06	-2.53037e-09	1.60809e-06	2.9583e-06
5.37487	3.56685e-05	-2.53037e-09	3.56685e-05	3.6598e-05	1.60809e-06	-2.53037e-09	1.60809e-06	2.9583e-06
5.39754	3.56685e-05	-2.53037e-09	3.56685e-05	3.6598e-05	1.60809e-06	-2.53037e-09	1.60809e-06	2.9583e-06
5.4202	3.56685e-05	-2.53037e-09	3.56685e-05	3.6598e-05	1.60809e-06	-2.53037e-09	1.60809e-06	2.9583e-06
5.44287	3.56685e-05	-2.53037e-09	3.56685e-05	3.6598e-05	1.60809e-06	-2.53037e-09	1.60809e-06	2.9583e-06
5.46554	3.56685e-05	-2.53037e-09	3.56685e-05	3.6598e-05	1.60809e-06	-2.53037e-09	1.60809e-06	2.9583e-06
5.48821	3.56685e-05	-2.53037e-09	3.56685e-05	3.6598e-05	1.60809e-06	-2.53037e-09	1.60809e-06	2.9583e-06
5.51088	3.56685e-05	-2.53037e-09	3.56685e-05	3.6598e-05	1.60809e-06	-2.53037e-09	1.60809e-06	2.9583e-06
5.53355	3.56685e-05	-2.53037e-09	3.56685e-05	3.6598e-05	1.60809e-06	-2.53037e-09	1.60809e-06	2.9583e-06
5.55622	3.56685e-05	-2.53037e-09	3.56685e-05	3.6598e-05	1.60809e-06	-2.53037e-09	1.60809e-06	2.9583e-06
5.57889	3.56685e-05	-2.53037e-09	3.56685e-05	3.6598e-05	1.60809e-06	-2.53037e-09	1.60809e-06	2.9583e-06
5.60155	3.56685e-05	-2.53037e-09	3.56685e-05	3.6598e-05	1.60809e-06	-2.53037e-09	1.60809e-06	2.9583e-06
5.62422	3.56685e-05	-2.53037e-09	3.56685e-05	3.6598e-05	1.60809e-06	-2.53037e-09	1.60809e-06	2.9583e-06
5.64689	3.56685e-05	-2.53037e-09	3.56685e-05	3.6598e-05	1.60809e-06	-2.53037e-09	1.60809e-06	2.9583e-06
5.66956	3.56685e-05	-2.53037e-09	3.56685e-05	3.6598e-05	1.60809e-06	-2.53037e-09	1.60809e-06	2.9583e-06
5.69223	3.56685e-05	-2.53037e-09	3.56685e-05	3.6598e-05	1.60809e-06	-2.53037e-09	1.60809e-06	2.9583e-06
5.7149	3.56685e-05	-2.53037e-09	3.56685e-05	3.6598e-05	1.60809e-06	-2.53037e-09	1.60809e-06	2.9583e-06
5.73757	3.56685e-05	-2.53037e-09	3.56685e-05	3.6598e-05	1.60809e-06	-2.53037e-09	1.60809e-06	2.9583e-06
5.76024	3.56685e-05	-2.53037e-09	3.56685e-05	3.6598e-05	1.60809e-06	-2.53037e-09	1.60809e-06	2.9583e-06
5.7829	3.56685e-05	-2.53037e-09	3.56685e-05	3.6598e-05	1.60809e-06	-2.53037e-09	1.60809e-06	2.9583e-06
5.80557	3.56685e-05	-2.53037e-09	3.56685e-05	3.6598e-05	1.60809e-06	-2.53037e-09	1.60809e-06	2.9583e-06
5.82824	3.56685e-05	-2.53037e-09	3.56685e-05	3.6598e-05	1.60809e-06	-2.53037e-09	1.60809e-06	2.9583e-06
5.85091	3.56685e-05	-2.53037e-09	3.56685e-05	3.6598e-05	1.60809e-06	-2.53037e-09	1.60809e-06	2.9583e-06
5.87358	3.56685e-05	-2.53037e-09	3.56685e-05	3.6598e-05	1.60809e-06	-2.53037e-09	1.60809e-06	2.9583e-06
5.89625	3.56685e-05	-2.53037e-09	3.56685e-05	3.6598e-05	1.60809e-06	-2.53037e-09	1.60809e-06	2.9583e-06
5.91892	3.56685e-05	-2.53037e-09	3.56685e-05	3.6598e-05	1.60809e-06	-2.53037e-09	1.60809e-06	2.9583e-06
5.94159	3.56685e-05	-2.53037e-09	3.56685e-05	3.6598e-05	1.60809e-06	-2.53037e-09	1.60809e-06	2.9583e-06
2.14926	3.56685e-05	-2.53253e-09	3.56685e-05	1.87653e-05	1.60946e-06	-2.53253e-09	1.60946e-06	2.95956e-06
2.17192	3.56685e-05	-2.53036e-09	3.56685e-05	3.6598e-05	1.60809e-06	-2.53036e-09	1.60809e-06	2.95829e-06
2.19459	3.56685e-05	-2.53037e-09	3.56685e-05	3.6598e-05	1.60809e-06	-2.53037e-09	1.60809e-06	2.9583e-06
2.21726	3.56685e-05	-2.53037e-09	3.56685e-05	3.6598e-05	1.60809e-06	-2.53037e-09	1.60809e-06	2.9583e-06
2.23993	3.56685e-05	-2.53037e-09	3.56685e-05	3.6598e-05	1.60809e-06	-2.53037e-09	1.60809e-06	2.9583e-06
2.2626	3.56685e-05	-2.53037e-09	3.56685e-05	3.6598e-05	1.60809e-06	-2.53037e-09	1.60809e-06	2.9583e-06
2.28527	3.56685e-05	-2.53037e-09	3.56685e-05	3.6598e-05	1.60809e-06	-2.53037e-09	1.60809e-06	2.9583e-06
2.30794	3.56685e-05	-2.53037e-09	3.56685e-05	3.6598e-05	1.60809e-06	-2.53037e-09	1.60809e-06	2.9583e-06
2.33061	3.56685e-05	-2.53037e-09	3.56685e-05	3.6598e-05	1.60809e-06	-2.53037e-09	1.60809e-06	2.9583e-06
2.35327	3.56685e-05	-2.53037e-09	3.56685e-05	3.6598e-05	1.60809e-06	-2.53037e-09	1.60809e-06	2.9583e-06
2.37594	3.56685e-05	-2.53037e-09	3.56685e-05	3.6598e-05	1.60809e-06	-2.53037e-09	1.60809e-06	2.9583e-06
2.39861	3.56685e-05	-2.53037e-09	3.56685e-05	3.6598e-05	1.60809e-06	-2.53037e-09	1.60809e-06	2.9583e-06
2.42128	3.56685e-05	-2.53037e-09	3.56685e-05	3.6598e-05	1.60809e-06	-2.53037e-09	1.60809e-06	2.9583e-06
2.44395	3.56685e-05	-2.53037e-09	3.56685e-05	3.6598e-05	1.60809e-06	-2.53037e-09	1.60809e-06	2.9583e-06
2.46662	3.56685e-05	-2.53037e-09	3.56685e-05	3.6598e-05	1.60809e-06	-2.53037e-09	1.60809e-06	2.9583e-06
2.48929	3.56685e-05	-2.53037e-09	3.56685e-05	3.6598e-05	1.60809e-06	-2.53037e-09	1.60809e-06	2.9583e-06
2.51196	3.56685e-05	-2.53037e-09	3.56685e-05	3.6598e-05	1.60809e-06	-2.53037e-09	1.60809e-06	2.9583e-06
2.53462	3.56685e-05	-2.53037e-09	3.56685e-05	3.6598e-05	1.60809e-06	-2.53037e-09	1.60809e-06	2.9583e-06
2.55729	3.56685e-05	-2.53037e-09	3.56685e-05	3.6598e-05	1.60809e-06	-2.53037e-09	1.60809e-06	2.9583e-06
2.57996	3.56685e-05	-2.53037e-09	3.56685e-05	3.6598e-05	1.60809e-06	-2.53037e-09	1.60809e-06	2.9583e-06
2.60263	3.56685e-05	-2.53037e-09	3.56685e-05	3.6598e-05	1.60809e-06	-2.53037e-09	1.60809e-06	2.9583e-06
2.6253	3.56685e-05	-2.53037e-09	3.56685e-05	3.6598e-05	1.60809e-06	-2.53037e-09	1.60809e-06	2.9583e-06
2.64797	3.56685e-05	-2.53037e-09	3.56685e-05	3.6598e-05	1.60809e-06	-2.53037e-09	1.60809e-06	2.9583e-06
2.67064	3.56685e-05	-2.53037e-09	3.56685e-05	3.6598e-05	1.60809e-06	-2.53037e-09	1.60809e-06	2.9583e-06
2.69331	3.56685e-05	-2.53037e-09	3.56685e-05	3.6598e-05	1.60809e-06	-2.53037e-09	1.60809e-06	2.9583e-06
2.71597	3.56685e-05	-2.53037e-09	3.56685e-05	3.6598e-05	1.60809e-06	-2.53037e-09	1.60809e-06	2.9583e-06
2.73864	3.56685e-05	-2.53037e-09	3.56685e-05	3.6598e-05	1.60809e-06	-2.53037e-09	1.60809e-06	2.9583e-06
2.76131	3.56685e-05	-2.53037e-09	3.56685e-05	3.6598e-05	1.60809e-06	-2.53037e-09	1.60809e-06	2.9583e-06
2.78398	3.56685e-05	-2.53037e-09	3.56685e-05	3.6598e-05	1.60809e-06	-2.53037e-09	1.60809e-06	2.9583e-06
2.80665	3.56685e-05	-2.53037e-09	3.56685e-05	3.6598e-05	1.60809e-06	-2.53037e-09	1.60809e-06	2.9583e-06
2.82932	3.56685e-05	-2.53037e-09	3.56685e-05	3.6598e-05	1.60809e-06	-2.53037e-09	1.60809e-06	2.9583e-06
2.85199	3.56685e-05	-2.53037e-09	3.56685e-05	3.6598e-05	1.60809e-06	-2.53037e-09	1.60809e-06	2.9583e-06
2.87466	3.56685e-05	-2.53037e-09	3.56685e-05	3.6598e-05	1.60809e-06	-2.53037e-09	1.60809e-06	2.9583e-06
2.89732	3.56685e-05	-2.53037e-09	3.56685e-05	3.6598e-05	1.60809e-06	-2.53037e-09	1.60809e-06	2.9583e-06
2.91999	3.56685e-05	-2.53037e-09	3.56685e-05	3.6598e-05	1.60809e-06	-2.53037e-09	1.60809e-06	2.9583e-06
2.94266	3.56685e-05	-2.53037e-09	3.56685e-05	3.6598e-05	1.60809e-06	-2.53037e-09	1.60809e-06	2.9583e-06
2.96533	3.56685e-05	-2.53037e-09	3.56685e-05	3.6598e-05	1.60809e-06	-2.53037e-09	1.60809e-06	2.9583e-06
2.988	3.56685e-05	-2.53037e-09	3.56685e-05	3.6598e-05	1.60809e-06	-2.53037e-09	1.60809e-06	2.9583e-06
3.01067	3.56685e-05	-2.53037e-09	3.56685e-05	3.6598e-05	1.60809e-06	-2.53037e-09	1.60809e-06	2.9583e-06
3.03334	3.56685e-05	-2.53037e-09	3.56685e-05	3.6598e-05	1.60809e-06	-2.53037e-09	1.60809e-06	2.9583e-06
3.05601	3.56685e-05	-2.53037e-09	3.56685e-05	3.6598e-05	1.60809e-06	-2.53037e-09	1.60809e-06	2.9583e-06
3.07867	3.56685e-05	-2.53037e-09	3.56685e-05	3.6598e-05	1.60809e-06	-2.53037e-09	1.60809e-06	2.9583e-06
3.10134	3.56685e-05	-2.53037e-09	3.56685e-05	3.6598e-05	1.60809e-06	-2.53037e-09	1.60809e-06	2.9583e-06
3.12401	3.56685e-05	-2.53037e-09	3.56685e-05	3.6598e-05	1.60809e-06	-2.53037e-09	1.60809e-06	2.9583e-06
3.14668	3.56685e-05	-2.53037e-09	3.56685e-05	3.6598e-05	1.60809e-06	-2.53037e-09	1.60809e-06	2.9583e-06
3.16935	3.56685e-05	-2.53037e-09	3.56685e-05	3.6598e-05	1.60809e-06	-2.53037e-09	1.60809e-06	2.9583e-06
3.19202	3.56685e-05	-2.53037e-09	3.56685e-05	3.6598e-05	1.60809e-06	-2.53037e-09	1.60809e-06	2.9583e-06
3.21469	3.56685e-05	-2.53037e-09	3.56685e-05	3.6598e-05	1.60809e-06	-2.53037e-09	1.60809e-06	2.9583e-06
3.23736	3.56685e-05	-2.53037e-09	3.56685e-05	3.6598e-05	1.60809e-06	-2.53037e-09	1.60809e-06	2.9583e-06
3.26003	3.56685e-05	-2.53037e-09	3.56685e-05	3.6598e-05	1.60809e-06	-2.53037e-09	1.60809e-06	2.9583e-06
3.28269	3.56685e-05	-2.53037e-09	3.56685e-05	3.6598e-05	1.60809e-06	-2.53037e-09	1.60809e-06	2.9583e-06
3.30536	3.56685e-05	-2.53037e-09	3.56685e-05	3.6598e-05	1.60809e-06	-2.53037e-09	1.60809e-06	2.9583e-06
3.32803	3.56685e-05	-2.53037e-09	3.56685e-05	3.6598e-05	1.60809e-06	-2.53037e-09	1.60809e-06	2.9583e-06
3.3507	3.56685e-05	-2.53037e-09	3.56685e-05	3.6598e-05	1.60809e-06	-2.53037e-09	1.60809e-06	2.9583e-06
1.3236	3.56685e-05	-2.53325e-09	3.56685e-05	1.2821e-05	1.60992e-06	-2.53325e-09	1.60992e-06	2.95998e-06
1.34627	3.56685e-05	-2.53036e-09	3.56685e-05	3.6598e-05	1.60808e-06	-2.53036e-09	1.60808e-06	2.95829e-06
1.36893	3.56685e-05	-2.53037e-09	3.56685e-05	3.6598e-05	1.60809e-06	-2.53037e-09	1.60809e-06	2.9583e-06
1.3916	3.56685e-05	-2.53037e-09	3.56685e-05	3.6598e-05	1.60809e-06	-2.53037e-09	1.60809e-06	2.9583e-06
1.41427	3.56685e-05	-2.53037e-09	3.56685e-05	3.6598e-05	1.60809e-06	-2.53037e-09	1.60809e-06	2.9583e-06
1.43694	3.56685e-05	-2.53037e-09	3.56685e-05	3.6598e-05	1.60809e-06	-2.53037e-09	1.60809e-06	2.9583e-06
1.45961	3.56685e-05	-2.53037e-09	3.56685e-05	3.6598e-05	1.60809e-06	-2.53037e-09	1.60809e-06	2.9583e-06
1.48228	3.56685e-05	-2.53037e-09	3.56685e-05	3.6598e-05	1.60809e-06	-2.53037e-09	1.60809e-06	2.9583e-06
1.50495	3.56685e-05	-2.53037e-09	3.56685e-05	3.6598e-05	1.60809e-06	-2.53037e-09	1.60809e-06	2.9583e-06
1.52762	3.56685e-05	-2.53037e-09	3.56685e-05	3.6598e-05	1.60809e-06	-2.53037e-09	1.60809e-06	2.9583e-06
1.55028	3.56685e-05	-2.53037e-09	3.56685e-05	3.6598e-05	1.60809e-06	-2.53037e-09	1.60809e-06	2.9583e-06
1.57295	3.56685e-05	-2.53037e-09	3.56685e-05	3.6598e-05	1.60809e-06	-2.53037e-09	1.60809e-06	2.9583e-06
1.59562	3.56685e-05	-2.53037e-09	3.56685e-05	3.6598e-05	1.60809e-06	-2.53037e-09	1.60809e-06	2.9583e-06
1.61829	3.56685e-05	-2.53037e-09	3.56685e-05	3.6598e-05	1.60809e-06	-2.53037e-09	1.60809e-06	2.9583e-06
1.64096	3.56685e-05	-2.53037e-09	3.56685e-05	3.6598e-05	1.60809e-06	-2.53037e-09	1.60809e-06	2.9583e-06
1.66363	3.56685e-05	-2.53037e-09	3.56685e-05	3.6598e-05	1.60809e-06	-2.53037e-09	1.60809e-06	2.9583e-06
1.6863	3.56685e-05	-2.53037e-09	3.56685e-05	3.6598e-05	1.60809e-06	-2.53037e-09	1.60809e-06	2.9583e-06
1.70897	3.56685e-05	-2.53037e-09	3.56685e-05	3.6598e-05	1.60809e-06	-2.53037e-09	1.60809e-06	2.9583e-06
1.73163	3.56685e-05	-2.53037e-09	3.56685e-05	3.6598e-05	1.60809e-06	-2.53037e-09	1.60809e-06	2.9583e-06
1.7543	3.56685e-05	-2.53037e-09	3.56685e-05	3.6598e-05	1.60809e-06	-2.53037e-09	1.60809e-06	2.9583e-06
1.77697	3.56685e-05	-2.53037e-09	3.56685e-05	3.6598e-05	1.60809e-06	-2.53037e-09	1.60809e-06	2.9583e-06
1.79964	3.56685e-05	-2.53037e-09	3.56685e-05	3.6598e-05	1.60809e-06	-2.53037e-09	1.60809e-06	2.9583e-06
1.82231	3.56685e-05	-2.53037e-09	3.56685e-05	3.6598e-05	1.60809e-06	-2.53037e-09	1.60809e-06	2.9583e-06
1.84498	3.56685e-05	-2.53037e-09	3.56685e-05	3.6598e-05	1.60809e-06	-2.53037e-09	1.60809e-06	2.9583e-06
1.86765	3.56685e-05	-2.53037e-09	3.56685e-05	3.6598e-05	1.60809e-06	-2.53037e-09	1.60809e-06	2.9583e-06
1.89032	3.56685e-05	-2.53037e-09	3.56685e-05	3.6598e-05	1.60809e-06	-2.53037e-09	1.60809e-06	2.9583e-06
1.91298	3.56685e-05	-2.53037e-09	3.56685e-05	3.6598e-05	1.60809e-06	-2.53037e-09	1.60809e-06	2.9583e-06
1.93565	3.56685e-05	-2.53037e-09	3.56685e-05	3.6598e-05	1.60809e-06	-2.53037e-09	1.60809e-06	2.9583e-06
1.95832	3.56685e-05	-2.53037e-09	3.56685e-05	3.6598e-05	1.60809e-06	-2.53037e-09	1.60809e-06	2.9583e-06
1.98099	3.56685e-05	-2.53037e-09	3.56685e-05	3.6598e-05	1.60809e-06	-2.53037e-09	1.60809e-06	2.9583e-06
2.00366	3.56685e-05	-2.53037e-09	3.56685e-05	3.6598e-05	1.60809e-06	-2.53037e-09	1.60809e-06	2.9583e-06
2.02633	3.56685e-05	-2.53037e-09	3.56685e-05	3.6598e-05	1.60809e-06	-2.53037e-09	1.60809e-06	2.9583e-06
2.049	3.56685e-05	-2.53037e-09	3.56685e-05	3.6598e-05	1.60809e-06	-2.53037e-09	1.60809e-06	2.9583e-06
2.07167	3.56685e-05	-2.53037e-09	3.56685e-05	3.6598e-05	1.60809e-06	-2.53037e-09	1.60809e-06	2.9583e-06
2.09433	3.56685e-05	-2.53037e-09	3.56685e-05	3.6598e-05	1.60809e-06	-2.53037e-09	1.60809e-06	2.9583e-06
2.117	3.56685e-05	-2.53037e-09	3.56685e-05	3.6598e-05	1.60809e-06	-2.53037e-09	1.60809e-06	2.9583e-06
2.13967	3.56685e-05	-2.53037e-09	3.56685e-05	3.6598e-05	1.60809e-06	-2.53037e-09	1.60809e-06	2.9583e-06
2.16234	3.56685e-05	-2.53037e-09	3.56685e-05	3.6598e-05	1.60809e-06	-2.53037e-09	1.60809e-06	2.9583e-06
2.18501	3.56685e-05	-2.53037e-09	3.56685e-05	3.6598e-05	1.60809e-06	-2.53037e-09	1.60809e-06	2.9583e-06
2.20768	3.56685e-05	-2.53037e-09	3.56685e-05	3.6598e-05	1.60809e-06	-2.53037e-09	1.60809e-06	2.9583e-06
2.23035	3.56685e-05	-2.53037e-09	3.56685e-05	3.6598e-05	1.60809e-06	-2.53037e-09	1.60809e-06	2.9583e-06
2.25302	3.56685e-05	-2.53037e-09	3.56685e-05	3.6598e-05	1.60809e-06	-2.53037e-09	1.60809e-06	2.9583e-06
2.27568	3.56685e-05	-2.53037e-09	3.56685e-05	3.6598e-05	1.60809e-06	-2.53037e-09	1.60809e-06	2.9583e-06
2.29835	3.56685e-05	-2.53037e-09	3.56685e-05	3.6598e-05	1.60809e-06	-2.53037e-09	1.60809e-06	2.9583e-06
2.32102	3.56685e-05	-2.53037e-09	3.56685e-05	3.6598e-05	1.60809e-06	-2.53037e-09	1.60809e-06	2.9583e-06
2.34369	3.56685e-05	-2.53037e-09	3.56685e-05	3.6598e-05	1.60809e-06	-2.53037e-09	1.60809e-06	2.9583e-06
2.36636	3.56685e-05	-2.53037e-09	3.56685e-05	3.6598e-05	1.60809e-06	-2.53037e-09	1.60809e-06	2.9583e-06
2.38903	3.56685e-05	-2.53037e-09	3.56685e-05	3.6598e-05	1.60809e-06	-2.53037e-09	1.60809e-06	2.9583e-06
2.4117	3.56685e-05	-2.53037e-09	3.56685e-05	3.6598e-05	1.60809e-06	-2.53037e-09	1.60809e-06	2.9583e-06
2.43437	3.56685e-05	-2.53037e-09	3.56685e-05	3.6598e-05	1.60809e-06	-2.53037e-09	1.60809e-06	2.9583e-06
2.45703	3.56685e-05	-2.53037e-09	3.56685e-05	3.6598e-05	1.60809e-06	-2.53037e-09	1.60809e-06	2.9583e-06
2.4797	3.56685e-05	-2.53037e-09	3.56685e-05	3.6598e-05	1.60809e-06	-2.53037e-09	1.60809e-06	2.9583e-06
2.50237	3.56685e-05	-2.53037e-09	3.56685e-05	3.6598e-05	1.60809e-06	-2.53037e-09	1.60809e-06	2.9583e-06
