0	0	0	0	0	0	0	0	0
3.43784	-0.0326846	7.88126e-05	-0.0326846	13.7011	-0.000269483	7.88126e-05	-0.000269483	3.61129e-06
2.64337	0.0169126	-2.29834e-05	0.0169126	17.6646	-0.000293241	-2.29834e-05	-0.000293241	2.39823e-06
2.28592	-0.00328413	-0.000202023	-0.00328413	32.799	1.64708e-05	-0.000202023	1.64708e-05	2.255e-06
1.87041	0.0112537	-7.2708e-05	0.0112537	42.1838	-0.00129862	-7.2708e-05	-0.00129862	2.49908e-06
1.13827	-1.91995e-05	-2.40728e-05	-1.91995e-05	-1.51842e-05	7.31461e-07	-2.40728e-05	7.31461e-07	1.34325e-06
2.33349	-0.219723	0.000510808	-0.219723	56.4558	-0.00166714	0.000510808	-0.00166714	4.89635e-06
1.45962	1.82069e-05	0.000121601	1.82069e-05	-0.000130929	9.99402e-07	0.000121601	9.99402e-07	1.83585e-06
1.12285	-2.06768e-06	5.79354e-05	-2.06768e-06	-6.53998e-05	6.17458e-07	5.79354e-05	6.17458e-07	1.1337e-06
0.751857	-1.42492e-05	2.80983e-05	-1.42492e-05	-4.35807e-05	4.46651e-07	2.80983e-05	4.46651e-07	8.20006e-07
0.544515	-1.64752e-05	1.59521e-05	-1.64752e-05	-3.26772e-05	3.5001e-07	1.59521e-05	3.5001e-07	6.42425e-07
0.449714	-1.53276e-05	1.08337e-05	-1.53276e-05	-2.61374e-05	2.87814e-07	1.08337e-05	2.87814e-07	5.28132e-07
0.397774	-1.37597e-05	8.13661e-06	-1.37597e-05	-2.17786e-05	2.44403e-07	8.13661e-06	2.44403e-07	4.48382e-07
0.293735	-1.36114e-05	5.22099e-06	-1.36114e-05	-1.86658e-05	2.12353e-07	5.22099e-06	2.12353e-07	3.8954e-07
0.226858	-1.29417e-05	3.56513e-06	-1.29417e-05	-1.63315e-05	1.87744e-07	3.56513e-06	1.87744e-07	3.4436e-07
0.177519	-1.21864e-05	2.50018e-06	-1.21864e-05	-1.45161e-05	1.68249e-07	2.50018e-06	1.68249e-07	3.08575e-07
0.14895	-1.13241e-05	1.90056e-06	-1.13241e-05	-1.3064e-05	1.52425e-07	1.90056e-06	1.52425e-07	2.7953e-07
0.123945	-1.05803e-05	1.44562e-06	-1.05803e-05	-1.18759e-05	1.39322e-07	1.44562e-06	1.39322e-07	2.55483e-07
0.105597	-9.89148e-06	1.13419e-06	-9.89148e-06	-1.08859e-05	1.28294e-07	1.13419e-06	1.28294e-07	2.35247e-07
0.0952006	-9.23119e-06	9.47558e-07	-9.23119e-06	-1.00483e-05	1.18885e-07	9.47558e-07	1.18885e-07	2.17981e-07
0.0847885	-8.666e-06	7.86298e-07	-8.666e-06	-9.33035e-06	1.10762e-07	7.86298e-07	1.10762e-07	2.03077e-07
0.0773228	-8.15131e-06	6.71231e-07	-8.15131e-06	-8.70816e-06	1.03678e-07	6.71231e-07	1.03678e-07	1.90081e-07
0.0714382	-7.68849e-06	5.82893e-07	-7.68849e-06	-8.16376e-06	9.74452e-08	5.82893e-07	9.74452e-08	1.78648e-07
0.0652367	-7.28273e-06	5.02141e-07	-7.28273e-06	-7.68342e-06	9.19196e-08	5.02141e-07	9.19196e-08	1.68512e-07
0.0593246	-6.92015e-06	4.32167e-07	-6.92015e-06	-7.25647e-06	8.6987e-08	4.32167e-07	8.6987e-08	1.59465e-07
0.0550398	-6.58476e-06	3.80559e-07	-6.58476e-06	-6.87446e-06	8.2557e-08	3.80559e-07	8.2557e-08	1.5134e-07
0.0507088	-6.28329e-06	3.33651e-07	-6.28329e-06	-6.53067e-06	7.85563e-08	3.33651e-07	7.85563e-08	1.44003e-07
0.04732	-6.00479e-06	2.96987e-07	-6.00479e-06	-6.21962e-06	7.49254e-08	2.96987e-07	7.49254e-08	1.37344e-07
0.0443424	-5.74922e-06	2.66026e-07	-5.74922e-06	-5.93686e-06	7.16154e-08	2.66026e-07	7.16154e-08	1.31274e-07
0.0413424	-5.51605e-06	2.37557e-07	-5.51605e-06	-5.67869e-06	6.85854e-08	2.37557e-07	6.85854e-08	1.25717e-07
0.0389599	-5.29899e-06	2.14799e-07	-5.29899e-06	-5.44204e-06	6.58015e-08	2.14799e-07	6.58015e-08	1.20612e-07
10.0482	6.35664	0.00867119	6.35664	93.7109	0.0120042	0.00867119	0.0120042	1.64905e-05
0.395033	-7.84027e-05	8.33345e-05	-7.84027e-05	-0.000130843	1.18357e-06	8.33345e-05	1.18357e-06	2.221e-06
0.288167	-6.14928e-05	3.49402e-05	-6.14928e-05	-8.37411e-05	6.83404e-07	3.49402e-05	6.83404e-07	1.2706e-06
0.219428	-4.97595e-05	1.86683e-05	-4.97595e-05	-6.1573e-05	4.8086e-07	1.86683e-05	4.8086e-07	8.90098e-07
8.68	4.55746	0.00611837	4.55746	140.468	0.00883924	0.00611837	0.00883924	1.25287e-05
0.378616	-0.000183315	7.02905e-05	-0.000183315	-0.00023287	1.15014e-06	7.02905e-05	1.15014e-06	2.18214e-06
0.267982	-0.000101321	2.87923e-05	-0.000101321	-0.000120842	6.75234e-07	2.87923e-05	6.75234e-07	1.25829e-06
0.206521	-7.13199e-05	1.56127e-05	-7.13199e-05	-8.15888e-05	4.77555e-07	1.56127e-05	4.77555e-07	8.84298e-07
0.161916	-5.55797e-05	9.4427e-06	-5.55797e-05	-6.15839e-05	3.69363e-07	9.4427e-06	3.69363e-07	6.81742e-07
9.50117	-4.11711	0.0054477	-4.11711	26.912	-0.00838477	0.0054477	-0.00838477	1.16259e-05
11.1004	-4.73443	0.00668626	-4.73443	22.5264	-0.00984255	0.00668626	-0.00984255	1.50327e-05
10.2986	-4.02562	0.00603873	-4.02562	25.3792	-0.00741953	0.00603873	-0.00741953	1.17379e-05
12.1987	-3.23206	0.00613938	-3.23206	20.9547	-0.00575945	0.00613938	-0.00575945	1.0974e-05
21.0238	-11.2224	0.0164149	-11.2224	25.1437	-0.0162309	0.0164149	-0.0162309	2.40413e-05
10.5215	-4.7265	0.00725611	-4.7265	17.2006	-0.00877957	0.00725611	-0.00877957	1.39612e-05
9.79572	-2.75451	0.00486463	-2.75451	16.3109	-0.00632809	0.00486463	-0.00632809	1.20616e-05
40.5384	-25.9972	0.0387802	-25.9972	28.8341	-0.0299778	0.0387802	-0.0299778	4.58841e-05
24.7795	-9.4727	0.0175799	-9.4727	14.9584	-0.00987461	0.0175799	-0.00987461	1.94657e-05
0.738696	-0.00232255	8.77217e-05	-0.00232255	-0.00187005	-1.73113e-07	8.77217e-05	-1.73113e-07	1.21293e-06
0.429806	-0.00152199	2.83078e-05	-0.00152199	-0.00103029	-6.88259e-08	2.83078e-05	-6.88259e-08	6.68678e-07
0.243011	-0.00125353	1.10807e-05	-0.00125353	-0.000694558	-4.24473e-08	1.10807e-05	-4.24473e-08	4.61813e-07
0.16295	-0.00127264	5.68664e-06	-0.00127264	-0.000393707	-3.79377e-08	5.68664e-06	-3.79377e-08	3.52829e-07
11.9461	-2.57617	-0.00576874	-2.57617	11.0141	0.0040114	-0.00576874	0.0040114	9.27956e-06
10.2981	-1.01384	-0.00348498	-1.01384	11.147	0.00253	-0.00348498	0.00253	9.90312e-06
0.206244	-0.00530146	-1.02196e-05	-0.00530146	0.00186823	3.15125e-07	-1.02196e-05	3.15125e-07	1.26842e-06
9.96867	-0.195921	-0.00135661	-0.195921	11.1166	0.00121423	-0.00135661	0.00121423	9.19521e-06
8.42675	-0.0824792	-0.00137029	-0.0824792	11.478	0.000382446	-0.00137029	0.000382446	7.90308e-06
10.4567	0.0607731	-0.00131806	0.0607731	12.4961	-0.000364604	-0.00131806	-0.000364604	8.73607e-06
10.9972	0.0944909	-0.00136079	0.0944909	11.7851	-0.000551971	-0.00136079	-0.000551971	9.00759e-06
6.34063	-0.00355866	0.000300507	-0.00355866	15.9756	-1.66096e-05	0.000300507	-1.66096e-05	2.77927e-06
8.2782	-0.164817	-0.000284152	-0.164817	24.9853	0.00250341	-0.000284152	0.00250341	5.37232e-06
11.4637	-0.0762468	0.000499247	-0.0762468	22.7403	-0.00104099	0.000499247	-0.00104099	7.26389e-06
0.136596	3.17498e-05	2.89699e-07	3.17498e-05	0.00286315	-6.34147e-09	2.89699e-07	-6.34147e-09	3.52925e-07
0.0682995	4.60923e-06	1.37544e-08	4.60923e-06	0.000257699	-5.38347e-11	1.37544e-08	-5.38347e-11	3.35059e-08
0.0341498	2.30461e-06	6.8772e-09	2.30461e-06	0.00012885	-2.69173e-11	6.8772e-09	-2.69173e-11	1.6753e-08
0.0170924	2.65946e-06	5.3895e-09	2.65946e-06	0.000126905	-2.7638e-11	5.3895e-09	-2.7638e-11	1.65514e-08
0.00859862	2.83112e-06	7.65774e-09	2.83112e-06	0.000125938	-2.92529e-11	7.65774e-09	-2.92529e-11	1.64943e-08
0.00452487	2.90685e-06	1.23513e-08	2.90685e-06	0.000125258	-3.15242e-11	1.23513e-08	-3.15242e-11	1.64904e-08
0.00266541	2.93269e-06	1.45825e-08	2.93269e-06	0.000124586	-3.37489e-11	1.45825e-08	-3.37489e-11	1.64888e-08
0.00189045	2.93435e-06	1.55342e-08	2.93435e-06	0.000123921	-3.59333e-11	1.55342e-08	-3.59333e-11	1.64879e-08
0.00142131	2.92919e-06	1.611e-08	2.92919e-06	0.000123262	-3.80859e-11	1.611e-08	-3.80859e-11	1.6487e-08
12.4972	1.89227	0.00179217	1.89227	68.7458	0.00795262	0.00179217	0.00795262	7.54837e-06
0.00303432	0.000559792	7.09532e-06	0.000559792	0.0232003	2.40824e-06	7.09532e-06	2.40824e-06	6.18693e-06
29.4257	0.000381741	-0.00223426	0.000381741	0.011727	1.0186e-06	-0.00223426	1.0186e-06	2.74686e-05
16.7967	0.000380112	-0.00226126	0.000380112	0.00785087	1.50091e-07	-0.00226126	1.50091e-07	3.46452e-05
20.6901	0.000279514	-0.000684669	0.000279514	0.00589813	-3.22825e-07	-0.000684669	-3.22825e-07	4.64831e-05
21.4232	0.000158098	-0.00403653	0.000158098	0.00471182	-3.90763e-07	-0.00403653	-3.90763e-07	4.35362e-05
0.0531957	0.000113191	3.58775e-05	0.000113191	0.00391709	-5.47126e-07	3.58775e-05	-5.47126e-07	4.21719e-05
0.0487529	7.54549e-05	3.66896e-05	7.54549e-05	0.00335948	-1.31154e-07	3.66896e-05	-1.31154e-07	4.21255e-05
0.0441611	4.61173e-05	3.75107e-05	4.61173e-05	0.00293373	1.85833e-07	3.75107e-05	1.85833e-07	4.20672e-05
0.0413025	3.04428e-05	3.80144e-05	3.04428e-05	0.00261249	4.23267e-07	3.80144e-05	4.23267e-07	4.20261e-05
0.0272305	-2.20195e-05	1.34874e-06	-2.20195e-05	0.0020428	2.06614e-08	1.34874e-06	2.06614e-08	1.90956e-06
0.0137138	-3.89527e-05	1.44892e-07	-3.89527e-05	0.00120446	2.74496e-09	1.44892e-07	2.74496e-09	3.65525e-07
0.00688472	-2.4836e-05	4.95554e-08	-2.4836e-05	0.00099835	1.60401e-09	4.95554e-08	1.60401e-09	2.49066e-07
0.00345353	7.84867e-06	2.09121e-08	7.84867e-06	0.000909624	1.41212e-09	2.09121e-08	1.41212e-09	2.09224e-07
0.0023242	4.89778e-05	1.24053e-08	4.89778e-05	0.000848321	1.37664e-09	1.24053e-08	1.37664e-09	1.83565e-07
0.00156671	7.92476e-05	7.50292e-09	7.92476e-05	0.000795478	1.30747e-09	7.50292e-09	1.30747e-09	1.63513e-07
46.6723	-2.15167	-0.00375885	-2.15167	9.51736	0.00564841	-0.00375885	0.00564841	1.00145e-05
0.00702218	0.00422024	3.87188e-07	0.00422024	0.0135936	1.43154e-06	3.87188e-07	1.43154e-06	1.21781e-06
0.00587398	0.00212456	9.45568e-08	0.00212456	0.00670411	3.8907e-07	9.45568e-08	3.8907e-07	6.71467e-07
0.00426819	0.00149747	4.55202e-08	0.00149747	0.0044339	1.77283e-07	4.55202e-08	1.77283e-07	4.63526e-07
0.00403647	0.00109489	2.27455e-08	0.00109489	0.00320355	9.77653e-08	2.27455e-08	9.77653e-08	3.53924e-07
35.6152	0.55423	-0.0012255	0.55423	9.5343	-0.00340076	-0.0012255	-0.00340076	7.81834e-06
58.6883	-0.0905908	0.000192521	-0.0905908	11.6315	-0.00591239	0.000192521	-0.00591239	1.31073e-05
0.126471	0.00545266	-3.16941e-07	0.00545266	0.00966347	-6.32135e-07	-3.16941e-07	-6.32135e-07	1.30369e-06
0.0938862	0.0023551	-6.64084e-08	0.0023551	0.00399805	-1.39769e-07	-6.64084e-08	-1.39769e-07	6.96793e-07
0.0654942	0.00145022	-2.70012e-08	0.00145022	0.00232141	-5.53667e-08	-2.70012e-08	-5.53667e-08	4.75459e-07
0.044112	0.00103534	-1.48655e-08	0.00103534	0.00156931	-2.84008e-08	-1.48655e-08	-2.84008e-08	3.6084e-07
0.0386472	0.00064169	-6.61153e-09	0.00064169	0.000944184	-1.37671e-08	-6.61153e-09	-1.37671e-08	2.90749e-07
0.0235787	0.000487866	-4.55818e-09	0.000487866	0.00065977	-8.05297e-09	-4.55818e-09	-8.05297e-09	2.43458e-07
0.0216642	-0.000195306	3.17866e-09	-0.000195306	-0.000250213	2.62625e-09	3.17866e-09	2.62625e-09	2.09399e-07
0.013077	-0.000124828	1.74781e-09	-0.000124828	-0.000106825	9.82014e-10	1.74781e-09	9.82014e-10	1.83748e-07
0.0124238	-0.000116516	1.46185e-09	-0.000116516	-9.93738e-05	8.13618e-10	1.46185e-09	8.13618e-10	1.63658e-07
0.00982004	-0.000111439	1.18518e-09	-0.000111439	-9.34056e-05	6.89309e-10	1.18518e-09	6.89309e-10	1.47528e-07
0.00937325	-0.00010621	9.9447e-10	-0.00010621	-8.8353e-05	5.73757e-10	9.9447e-10	5.73757e-10	1.29825e-07
0.00753496	-0.000103528	8.05713e-10	-0.000103528	-8.33082e-05	4.74735e-10	8.05713e-10	4.74735e-10	1.13947e-07
0.00690954	-8.18341e-05	3.75229e-10	-8.18341e-05	-6.63034e-05	2.13613e-10	3.75229e-10	2.13613e-10	6.44189e-08
0.00368668	-4.30785e-05	7.23743e-11	-4.30785e-05	6.79862e-05	-8.0675e-11	7.23743e-11	-8.0675e-11	2.35098e-08
0.00184334	-2.15392e-05	3.61872e-11	-2.15392e-05	3.39931e-05	-4.03375e-11	3.61872e-11	-4.03375e-11	1.17549e-08
0.000921671	-1.07696e-05	1.80936e-11	-1.07696e-05	1.69966e-05	-2.01687e-11	1.80936e-11	-2.01687e-11	5.87746e-09
0.000460835	-5.38481e-06	9.04679e-12	-5.38481e-06	8.49828e-06	-1.00844e-11	9.04679e-12	-1.00844e-11	2.93873e-09
0.000230418	-2.6924e-06	4.52339e-12	-2.6924e-06	4.24914e-06	-5.04219e-12	4.52339e-12	-5.04219e-12	1.46936e-09
0.000226892	-2.55274e-06	5.94135e-12	-2.55274e-06	4.27885e-06	-4.35273e-12	5.94135e-12	-4.35273e-12	1.46344e-09
0.000225239	-2.49176e-06	7.01652e-12	-2.49176e-06	4.29496e-06	-3.70243e-12	7.01652e-12	-3.70243e-12	1.46012e-09
0.000224654	-2.47286e-06	7.52045e-12	-2.47286e-06	4.30435e-06	-3.06998e-12	7.52045e-12	-3.06998e-12	1.4582e-09
0.000224185	-2.45744e-06	8.08175e-12	-2.45744e-06	4.31122e-06	-2.46172e-12	8.08175e-12	-2.46172e-12	1.45675e-09
0.000223854	-2.44691e-06	8.54206e-12	-2.44691e-06	4.31662e-06	-1.86902e-12	8.54206e-12	-1.86902e-12	1.45559e-09
0.000223588	-2.43851e-06	8.97595e-12	-2.43851e-06	4.32105e-06	-1.29268e-12	8.97595e-12	-1.29268e-12	1.45462e-09
0.000223399	-2.43294e-06	9.27485e-12	-2.43294e-06	4.32475e-06	-7.41744e-13	9.27485e-12	-7.41744e-13	1.45379e-09
0.000223194	-2.42674e-06	9.62533e-12	-2.42674e-06	4.32842e-06	-1.91833e-13	9.62533e-12	-1.91833e-13	1.45296e-09
0.00022299	-2.42054e-06	9.97579e-12	-2.42054e-06	4.3321e-06	3.58436e-13	9.97579e-12	3.58436e-13	1.45213e-09
0.000222769	-2.41361e-06	1.03847e-11	-2.41361e-06	4.33575e-06	9.06664e-13	1.03847e-11	9.06664e-13	1.45131e-09
0.000222593	-2.40858e-06	1.06422e-11	-2.40858e-06	4.33949e-06	1.46149e-12	1.06422e-11	1.46149e-12	1.45048e-09
0.000222327	-2.39976e-06	1.12043e-11	-2.39976e-06	4.34309e-06	2.00416e-12	1.12043e-11	2.00416e-12	1.44966e-09
0.000222251	-2.39884e-06	1.11313e-11	-2.39884e-06	4.34701e-06	2.57337e-12	1.11313e-11	2.57337e-12	1.44884e-09
0.000221543	-2.37172e-06	1.32317e-11	-2.37172e-06	4.34986e-06	3.07089e-12	1.32317e-11	3.07089e-12	1.44803e-09
0.000221426	-2.36905e-06	1.33002e-11	-2.36905e-06	4.35372e-06	3.63497e-12	1.33002e-11	3.63497e-12	1.44721e-09
0.000220454	-2.33094e-06	1.59551e-11	-2.33094e-06	4.35613e-06	4.04128e-12	1.59551e-11	4.04128e-12	1.44634e-09
0.000220343	-2.32848e-06	1.60071e-11	-2.32848e-06	4.36001e-06	4.6067e-12	1.60071e-11	4.6067e-12	1.44552e-09
0.000116793	-6.83447e-06	-1.0819e-09	-6.83447e-06	4.15679e-06	-4.43975e-11	-1.0819e-09	-4.43975e-11	1.4448e-09
0.000116772	-6.83733e-06	-1.08171e-09	-6.83733e-06	4.16016e-06	-4.39048e-11	-1.08171e-09	-4.39048e-11	1.44399e-09
6.22274e-05	-9.21282e-06	-1.65869e-09	-9.21282e-06	4.04955e-06	-7.02604e-11	-1.65869e-09	-7.02604e-11	1.44328e-09
6.22344e-05	-9.21855e-06	-1.6585e-09	-9.21855e-06	4.05261e-06	-6.98127e-11	-1.6585e-09	-6.98127e-11	1.44246e-09
6.21383e-05	-9.20325e-06	-1.65516e-09	-9.20325e-06	4.05138e-06	-7.00194e-11	-1.65516e-09	-7.00194e-11	1.44159e-09
6.21449e-05	-9.2089e-06	-1.65496e-09	-9.2089e-06	4.05442e-06	-6.95746e-11	-1.65496e-09	-6.95746e-11	1.44078e-09
6.20491e-05	-9.19363e-06	-1.65163e-09	-9.19363e-06	4.0532e-06	-6.97802e-11	-1.65163e-09	-6.97802e-11	1.43991e-09
13.3262	-0.7871	0.00142187	-0.7871	19.9713	-0.0032468	0.00142187	-0.0032468	5.86673e-06
16.4811	-1.73138	0.00296817	-1.73138	17.4371	-0.00405525	0.00296817	-0.00405525	8.68405e-06
0.286519	-0.00796232	1.16089e-05	-0.00796232	-0.00469912	-8.28812e-07	1.16089e-05	-8.28812e-07	1.87048e-06
14.0101	-0.924031	0.0040637	-0.924031	9.92651	-0.00168411	0.0040637	-0.00168411	8.49935e-06
1.23888	-0.00746555	9.07292e-05	-0.00746555	-0.00469404	-1.13461e-06	9.07292e-05	-1.13461e-06	1.86468e-06
0.805436	-0.00387831	3.38195e-05	-0.00387831	-0.00234439	-5.51016e-07	3.38195e-05	-5.51016e-07	1.06947e-06
0.557703	-0.00264177	1.63895e-05	-0.00264177	-0.00156234	-3.61741e-07	1.63895e-05	-3.61741e-07	7.49899e-07
24.4706	-0.647633	0.0111982	-0.647633	13.3673	-0.000788021	0.0111982	-0.000788021	1.42295e-05
36.4666	1.385	0.0218136	1.385	12.4146	0.00141991	0.0218136	0.00141991	2.41374e-05
35.0826	4.36047	0.0207664	4.36047	14.0416	0.00466427	0.0207664	0.00466427	2.40934e-05
16.6557	1.18668	0.00454902	1.18668	12.2001	0.0022028	0.00454902	0.0022028	1.01971e-05
21.1543	1.13794	0.00795755	1.13794	15.0741	0.00165024	0.00795755	0.00165024	1.32925e-05
2.52347	-0.00724413	0.000184754	-0.00724413	-0.00468074	-1.42815e-06	0.000184754	-1.42815e-06	2.02672e-06
19.8366	1.74022	0.0079436	1.74022	20.9544	0.00247202	0.0079436	0.00247202	1.22909e-05
14.6177	1.32005	0.00376059	1.32005	17.525	0.0028368	0.00376059	0.0028368	9.64869e-06
2.09642	-0.00751405	0.000117306	-0.00751405	-0.00460891	-1.33638e-06	0.000117306	-1.33638e-06	1.92186e-06
1.21939	-0.00404868	3.84372e-05	-0.00404868	-0.00229624	-5.99793e-07	3.84372e-05	-5.99793e-07	1.08244e-06
0.724905	-0.00281184	1.58539e-05	-0.00281184	-0.00152899	-3.80171e-07	1.58539e-05	-3.80171e-07	7.53564e-07
0.455007	-0.00215528	7.58951e-06	-0.00215528	-0.00114605	-2.76594e-07	7.58951e-06	-2.76594e-07	5.78027e-07
0.311655	-0.00174391	4.18622e-06	-0.00174391	-0.0009165	-2.16788e-07	4.18622e-06	-2.16788e-07	4.68843e-07
0.227751	-0.00146283	2.55156e-06	-0.00146283	-0.000763562	-1.78027e-07	2.55156e-06	-1.78027e-07	3.94361e-07
0.175339	-0.00125896	1.67926e-06	-0.00125896	-0.000654367	-1.50927e-07	1.67926e-06	-1.50927e-07	3.40304e-07
0.139858	-0.0011046	1.16581e-06	-0.0011046	-0.000572495	-1.30942e-07	1.16581e-06	-1.30942e-07	2.9928e-07
0.115262	-0.000983719	8.48043e-07	-0.000983719	-0.000508832	-1.15605e-07	8.48043e-07	-1.15605e-07	2.67085e-07
0.0974485	-0.000886546	6.39936e-07	-0.000886546	-0.000457911	-1.0347e-07	6.39936e-07	-1.0347e-07	2.41143e-07
0.0837228	-0.000806789	4.94993e-07	-0.000806789	-0.000416255	-9.36325e-08	4.94993e-07	-9.36325e-08	2.19795e-07
0.0737144	-0.000740113	3.95624e-07	-0.000740113	-0.000381546	-8.54975e-08	3.95624e-07	-8.54975e-08	2.0192e-07
0.0652768	-0.000683613	3.19782e-07	-0.000683613	-0.000352179	-7.86597e-08	3.19782e-07	-7.86597e-08	1.86733e-07
0.0591842	-0.000635071	2.66487e-07	-0.000635071	-0.00032701	-7.28321e-08	2.66487e-07	-7.28321e-08	1.73672e-07
0.056283	-0.000592852	2.35356e-07	-0.000592852	-0.000305199	-6.78063e-08	2.35356e-07	-6.78063e-08	1.62318e-07
0.0518696	-0.00055598	2.01265e-07	-0.00055598	-0.000286115	-6.34286e-08	2.01265e-07	-6.34286e-08	1.52357e-07
0.0476416	-0.00052344	1.71886e-07	-0.00052344	-0.000269277	-5.95812e-08	1.71886e-07	-5.95812e-08	1.43548e-07
0.0438049	-0.000494501	1.4727e-07	-0.000494501	-0.000254311	-5.61732e-08	1.4727e-07	-5.61732e-08	1.35702e-07
0.0412979	-0.000468559	1.30224e-07	-0.000468559	-0.000240921	-5.31333e-08	1.30224e-07	-5.31333e-08	1.2867e-07
0.0384404	-0.000445225	1.13591e-07	-0.000445225	-0.000228871	-5.04053e-08	1.13591e-07	-5.04053e-08	1.2233e-07
0.0359402	-0.000424102	9.97405e-08	-0.000424102	-0.000217968	-4.79435e-08	9.97405e-08	-4.79435e-08	1.16586e-07
0.0338018	-0.000404889	8.83114e-08	-0.000404889	-0.000208057	-4.57107e-08	8.83114e-08	-4.57107e-08	1.11357e-07
0.0318373	-0.00038734	7.84046e-08	-0.00038734	-0.000199008	-4.36764e-08	7.84046e-08	-4.36764e-08	1.06577e-07
0.0301358	-0.000371247	7.00999e-08	-0.000371247	-0.000190714	-4.18154e-08	7.00999e-08	-4.18154e-08	1.0219e-07
0.0286024	-0.000356437	6.29343e-08	-0.000356437	-0.000183083	-4.01063e-08	6.29343e-08	-4.01063e-08	9.81506e-08
0.0271228	-0.000342765	5.64609e-08	-0.000342765	-0.000176039	-3.85314e-08	5.64609e-08	-3.85314e-08	9.44181e-08
0.0258677	-0.0003301	5.106e-08	-0.0003301	-0.000169517	-3.70754e-08	5.106e-08	-3.70754e-08	9.09591e-08
0.0247211	-0.000318338	4.63189e-08	-0.000318338	-0.000163462	-3.57253e-08	4.63189e-08	-3.57253e-08	8.77446e-08
0.0236696	-0.000307384	4.21373e-08	-0.000307384	-0.000157824	-3.44701e-08	4.21373e-08	-3.44701e-08	8.47495e-08
0.0225639	-0.000297162	3.81e-08	-0.000297162	-0.000152562	-3.33e-08	3.81e-08	-3.33e-08	8.19521e-08
0.0216527	-0.000287595	3.47728e-08	-0.000287595	-0.000147639	-3.22068e-08	3.47728e-08	-3.22068e-08	7.93335e-08
0.0208107	-0.000278624	3.18073e-08	-0.000278624	-0.000143024	-3.11829e-08	3.18073e-08	-3.11829e-08	7.68771e-08
0.0200552	-0.000270196	2.92087e-08	-0.000270196	-0.000138689	-3.02222e-08	2.92087e-08	-3.02222e-08	7.45682e-08
0.0192194	-0.000262265	2.65901e-08	-0.000262265	-0.000134609	-2.93189e-08	2.65901e-08	-2.93189e-08	7.2394e-08
0.0184834	-0.000252957	2.42403e-08	-0.000252957	-0.000129971	-2.81237e-08	2.42403e-08	-2.81237e-08	6.99074e-08
0.0174784	-0.00023803	2.14387e-08	-0.00023803	-0.00012263	-2.58218e-08	2.14387e-08	-2.58218e-08	6.60885e-08
7.02452	1.4559	0.00109622	1.4559	92.8469	0.012883	0.00109622	0.012883	9.75125e-06
0.0256802	-0.000991116	1.28298e-07	-0.000991116	-0.000408846	-7.44649e-09	1.28298e-07	-7.44649e-09	3.20299e-07
0.0230226	-0.000804993	9.51301e-08	-0.000804993	-0.000346368	-5.04776e-09	9.51301e-08	-5.04776e-09	2.63841e-07
0.0151871	-0.000612804	5.30303e-08	-0.000612804	-0.0003022	-3.41735e-09	5.30303e-08	-3.41735e-09	2.24303e-07
0.0146071	-0.000497937	4.46685e-08	-0.000497937	-0.000251252	-2.43427e-09	4.46685e-08	-2.43427e-09	1.95071e-07
3.33836	-0.130475	0.00130959	-0.130475	35.5815	-0.000766425	0.00130959	-0.000766425	7.89131e-06
4.81844	0.31011	0.00555982	0.31011	41.8829	0.000938526	0.00555982	0.000938526	1.80025e-05
0.27207	0.000158103	3.59086e-05	0.000158103	0.000104788	2.10331e-08	3.59086e-05	2.10331e-08	1.33022e-06
1.20084	-0.254114	-0.000353438	-0.254114	35.0421	0.000947087	-0.000353438	0.000947087	2.06821e-06
0.259641	0.00219601	-3.26388e-05	0.00219601	0.00352128	-2.38049e-07	-3.26388e-05	-2.38049e-07	8.49485e-07
0.16368	0.00138842	-1.31493e-05	0.00138842	0.00209571	-9.70888e-08	-1.31493e-05	-9.70888e-08	5.41311e-07
0.100312	0.00105448	-5.92035e-06	0.00105448	0.00156494	-5.43173e-08	-5.92035e-06	-5.43173e-08	3.97323e-07
0.0723013	0.000864285	-3.37227e-06	0.000864285	0.00130762	-3.50876e-08	-3.37227e-06	-3.50876e-08	3.13918e-07
0.0503956	0.000730077	-1.94279e-06	0.000730077	0.00114294	-2.43751e-08	-1.94279e-06	-2.43751e-08	2.59463e-07
0.0393976	0.00063428	-1.2943e-06	0.00063428	0.00103252	-1.79368e-08	-1.2943e-06	-1.79368e-08	2.2112e-07
0.0275143	0.000548237	-7.87325e-07	0.000548237	0.000946439	-1.33749e-08	-7.87325e-07	-1.33749e-08	1.92649e-07
0.0213611	0.000454514	-4.90351e-07	0.000454514	0.000827056	-8.81219e-09	-4.90351e-07	-8.81219e-09	1.54557e-07
0.0126933	0.000358176	-2.31145e-07	0.000358176	0.000711221	-5.41851e-09	-2.31145e-07	-5.41851e-09	1.22676e-07
0.00848924	8.37272e-05	-3.58946e-08	8.37272e-05	0.000140814	-3.02923e-10	-3.58946e-08	-3.02923e-10	2.84385e-08
0.00424462	4.18636e-05	-1.79473e-08	4.18636e-05	7.04071e-05	-1.51461e-10	-1.79473e-08	-1.51461e-10	1.42192e-08
0.00212231	2.09318e-05	-8.97364e-09	2.09318e-05	3.52036e-05	-7.57307e-11	-8.97364e-09	-7.57307e-11	7.10961e-09
0.00106116	1.04659e-05	-4.48682e-09	1.04659e-05	1.76018e-05	-3.78653e-11	-4.48682e-09	-3.78653e-11	3.55481e-09
0.000530578	5.23295e-06	-2.24341e-09	5.23295e-06	8.80089e-06	-1.89327e-11	-2.24341e-09	-1.89327e-11	1.7774e-09
0.000265289	2.61648e-06	-1.12171e-09	2.61648e-06	4.40044e-06	-9.46633e-12	-1.12171e-09	-9.46633e-12	8.88702e-10
0.00025967	2.60066e-06	-1.09414e-09	2.60066e-06	4.39617e-06	-9.43966e-12	-1.09414e-09	-9.43966e-12	8.87386e-10
0.000256497	2.59139e-06	-1.07767e-09	2.59139e-06	4.39364e-06	-9.44862e-12	-1.07767e-09	-9.44862e-12	8.86654e-10
0.000255327	2.58756e-06	-1.07081e-09	2.58756e-06	4.39211e-06	-9.49145e-12	-1.07081e-09	-9.49145e-12	8.8627e-10
0.000253791	2.58295e-06	-1.06149e-09	2.58295e-06	4.39086e-06	-9.53322e-12	-1.06149e-09	-9.53322e-12	8.85988e-10
0.000253135	2.58074e-06	-1.05696e-09	2.58074e-06	4.38992e-06	-9.5969e-12	-1.05696e-09	-9.5969e-12	8.85827e-10
0.000252168	2.5778e-06	-1.04986e-09	2.5778e-06	4.3891e-06	-9.65976e-12	-1.04986e-09	-9.65976e-12	8.85715e-10
0.000251694	2.57612e-06	-1.04619e-09	2.57612e-06	4.38833e-06	-9.73784e-12	-1.04619e-09	-9.73784e-12	8.85643e-10
0.000251109	2.57412e-06	-1.04176e-09	2.57412e-06	4.38753e-06	-9.81241e-12	-1.04176e-09	-9.81241e-12	8.85564e-10
0.000250165	2.57111e-06	-1.03514e-09	2.57111e-06	4.38662e-06	-9.87416e-12	-1.03514e-09	-9.87416e-12	8.85438e-10
0.000249415	2.56847e-06	-1.0303e-09	2.56847e-06	4.38551e-06	-9.93219e-12	-1.0303e-09	-9.93219e-12	8.85229e-10
0.000248209	2.56447e-06	-1.02313e-09	2.56447e-06	4.38415e-06	-9.9767e-12	-1.02313e-09	-9.9767e-12	8.84921e-10
0.000247218	2.56058e-06	-1.01753e-09	2.56058e-06	4.38206e-06	-1.00135e-11	-1.01753e-09	-1.00135e-11	8.8434e-10
0.000243338	2.54847e-06	-9.98058e-10	2.54847e-06	4.37942e-06	-1.00068e-11	-9.98058e-10	-1.00068e-11	8.83566e-10
