0	0	0	0	0	0	0	0	0
3.31201	3.56685e-05	-2.53037e-09	3.56685e-05	3.6598e-05	1.60809e-06	-2.53037e-09	1.60809e-06	2.9583e-06
2.12659	1.78342e-05	-1.26518e-09	1.78342e-05	1.8299e-05	8.04044e-07	-1.26518e-09	8.04044e-07	1.47915e-06
1.30093	1.18895e-05	-8.43455e-10	1.18895e-05	1.21993e-05	5.36029e-07	-8.43455e-10	5.36029e-07	9.86099e-07
0.887942	8.91712e-06	-6.32591e-10	8.91712e-06	9.1495e-06	4.02022e-07	-6.32591e-10	4.02022e-07	7.39574e-07
0.583754	7.1337e-06	-5.06073e-10	7.1337e-06	7.3196e-06	3.21618e-07	-5.06073e-10	3.21618e-07	5.91659e-07
0.40794	5.94475e-06	-4.21728e-10	5.94475e-06	6.09967e-06	2.68015e-07	-4.21728e-10	2.68015e-07	4.93049e-07
0.319483	5.0955e-06	-3.61481e-10	5.0955e-06	5.22829e-06	2.29727e-07	-3.61481e-10	2.29727e-07	4.22614e-07
0.2421	4.45856e-06	-3.16296e-10	4.45856e-06	4.57475e-06	2.01011e-07	-3.16296e-10	2.01011e-07	3.69787e-07
0.197023	3.96317e-06	-2.81152e-10	3.96317e-06	4.06645e-06	1.78676e-07	-2.81152e-10	1.78676e-07	3.287e-07
0.166652	3.56685e-06	-2.53037e-10	3.56685e-06	3.6598e-06	1.60809e-07	-2.53037e-10	1.60809e-07	2.9583e-07
0.142488	3.24259e-06	-2.30033e-10	3.24259e-06	3.32709e-06	1.4619e-07	-2.30033e-10	1.4619e-07	2.68936e-07
0.126076	2.97237e-06	-2.10864e-10	2.97237e-06	3.04983e-06	1.34007e-07	-2.10864e-10	1.34007e-07	2.46525e-07
0.112087	2.74373e-06	-1.94644e-10	2.74373e-06	2.81523e-06	1.23699e-07	-1.94644e-10	1.23699e-07	2.27561e-07
0.099459	2.54775e-06	-1.8074e-10	2.54775e-06	2.61414e-06	1.14863e-07	-1.8074e-10	1.14863e-07	2.11307e-07
0.0911904	2.3779e-06	-1.68691e-10	2.3779e-06	2.43987e-06	1.07206e-07	-1.68691e-10	1.07206e-07	1.9722e-07
0.0820299	2.22928e-06	-1.58148e-10	2.22928e-06	2.28738e-06	1.00505e-07	-1.58148e-10	1.00505e-07	1.84894e-07
0.0746527	2.09815e-06	-1.48845e-10	2.09815e-06	2.15282e-06	9.45934e-08	-1.48845e-10	9.45934e-08	1.74017e-07
0.0682814	1.98158e-06	-1.40576e-10	1.98158e-06	2.03322e-06	8.93382e-08	-1.40576e-10	8.93382e-08	1.6435e-07
0.0638126	1.87729e-06	-1.33177e-10	1.87729e-06	1.92621e-06	8.46362e-08	-1.33177e-10	8.46362e-08	1.557e-07
0.0594976	1.78342e-06	-1.26518e-10	1.78342e-06	1.8299e-06	8.04044e-08	-1.26518e-10	8.04044e-08	1.47915e-07
0.0553053	1.6985e-06	-1.20494e-10	1.6985e-06	1.74276e-06	7.65756e-08	-1.20494e-10	7.65756e-08	1.40871e-07
0.0520046	1.6213e-06	-1.15017e-10	1.6213e-06	1.66355e-06	7.30949e-08	-1.15017e-10	7.30949e-08	1.34468e-07
0.048991	1.5508e-06	-1.10016e-10	1.5508e-06	1.59122e-06	6.99169e-08	-1.10016e-10	6.99169e-08	1.28622e-07
0.0463652	1.48619e-06	-1.05432e-10	1.48619e-06	1.52492e-06	6.70037e-08	-1.05432e-10	6.70037e-08	1.23262e-07
7.70805	-1.85288	0.00570798	-1.85288	67.2011	-0.00380688	0.00570798	-0.00380688	1.1846e-05
0.567697	9.56588e-05	0.000117164	9.56588e-05	3.63651e-05	1.17389e-06	0.000117164	1.17389e-06	2.14807e-06
0.397284	5.31441e-05	4.76623e-05	5.31441e-05	2.99539e-05	6.76951e-07	4.76623e-05	6.76951e-07	1.24035e-06
0.291573	3.70998e-05	2.46557e-05	3.70998e-05	2.55052e-05	4.7564e-07	2.46557e-05	4.7564e-07	8.72346e-07
0.224174	2.88869e-05	1.46362e-05	2.88869e-05	2.22168e-05	3.66621e-07	1.46362e-05	3.66621e-07	6.72907e-07
0.175707	2.38084e-05	9.34241e-06	2.38084e-05	1.96829e-05	2.98251e-07	9.34241e-06	2.98251e-07	5.47744e-07
0.145085	2.0458e-05	6.50636e-06	2.0458e-05	1.76692e-05	2.51373e-07	6.50636e-06	2.51373e-07	4.61876e-07
0.1248	1.80474e-05	4.83898e-06	1.80474e-05	1.60301e-05	2.17228e-07	4.83898e-06	2.17228e-07	3.99298e-07
0.10804	1.61637e-05	3.68956e-06	1.61637e-05	1.46696e-05	1.91246e-07	3.68956e-06	1.91246e-07	3.51657e-07
0.0950106	1.46622e-05	2.89886e-06	1.46622e-05	1.35222e-05	1.70814e-07	2.89886e-06	1.70814e-07	3.14177e-07
0.0856122	1.34446e-05	2.36055e-06	1.34446e-05	1.25414e-05	1.54325e-07	2.36055e-06	1.54325e-07	2.83919e-07
0.0770004	1.24123e-05	1.93657e-06	1.24123e-05	1.16934e-05	1.40738e-07	1.93657e-06	1.40738e-07	2.58978e-07
0.0705874	1.15418e-05	1.63191e-06	1.15418e-05	1.09528e-05	1.2935e-07	1.63191e-06	1.2935e-07	2.38066e-07
0.0643469	1.07815e-05	1.37644e-06	1.07815e-05	1.03005e-05	1.19666e-07	1.37644e-06	1.19666e-07	2.20279e-07
0.0592264	1.01204e-05	1.17879e-06	1.01204e-05	9.72154e-06	1.11331e-07	1.17879e-06	1.11331e-07	2.04965e-07
8.85057	-4.52961	0.00516688	-4.52961	25.9642	-0.00845676	0.00516688	-0.00845676	9.83637e-06
12.4105	-6.42027	0.00857456	-6.42027	25.1356	-0.0106163	0.00857456	-0.0106163	1.56289e-05
13.3089	-5.03112	0.00862158	-5.03112	23.8035	-0.00826938	0.00862158	-0.00826938	1.50692e-05
13.4921	-4.68219	0.00871427	-4.68219	17.727	-0.00670894	0.00871427	-0.00670894	1.27775e-05
12.1238	-5.48706	0.00809864	-5.48706	17.6568	-0.0085393	0.00809864	-0.0085393	1.28236e-05
11.2663	-3.88774	0.0063971	-3.88774	16.7213	-0.00649544	0.0063971	-0.00649544	1.11115e-05
12.4242	-2.88657	0.00590481	-2.88657	13.3421	-0.00572183	0.00590481	-0.00572183	1.21854e-05
21.4706	-9.23862	0.0171216	-9.23862	14.7848	-0.0107872	0.0171216	-0.0107872	2.09006e-05
13.5259	-3.2017	0.00729857	-3.2017	12.2662	-0.00460891	0.00729857	-0.00460891	1.14684e-05
11.3092	-2.85724	0.00545839	-2.85724	9.43776	-0.00354565	0.00545839	-0.00354565	7.92339e-06
26.1487	-9.25856	0.0136077	-9.25856	13.5719	-0.00871962	0.0136077	-0.00871962	1.71067e-05
29.4624	-8.05599	0.0142564	-8.05599	13.0518	-0.00764481	0.0142564	-0.00764481	1.47626e-05
53.5805	3.97666	-0.00599007	3.97666	10.8092	-0.00821821	-0.00599007	-0.00821821	1.37265e-05
146.712	0.0728889	0.00847207	0.0728889	2.31778	4.92535e-05	0.00847207	4.92535e-05	6.62508e-06
17.0632	-4.33738	-0.0088677	-4.33738	8.22842	0.00448495	-0.0088677	0.00448495	1.03982e-05
1.20109	-0.00472713	-0.000120439	-0.00472713	-0.00147656	3.67666e-07	-0.000120439	3.67666e-07	1.16881e-06
14.7544	-1.49806	-0.00863955	-1.49806	10.0033	0.0022319	-0.00863955	0.0022319	1.34959e-05
9.28765	-0.185668	-0.00271229	-0.185668	9.50656	0.000543118	-0.00271229	0.000543118	9.22142e-06
9.41111	0.027823	-0.00190305	0.027823	9.93447	-0.000131698	-0.00190305	-0.000131698	8.8352e-06
9.82116	-0.167228	-0.00190437	-0.167228	13.2618	0.000619886	-0.00190437	0.000619886	8.45271e-06
9.18947	-0.0101442	0.000268691	-0.0101442	13.4629	-0.000145179	0.000268691	-0.000145179	7.51707e-06
8.64722	0.000480768	-9.88875e-05	0.000480768	9.99208	-0.000165217	-9.88875e-05	-0.000165217	6.20471e-06
8.74915	0.0963482	-0.000678968	0.0963482	11.4568	-0.000711337	-0.000678968	-0.000711337	6.07849e-06
8.47051	-0.0953832	-0.000431762	-0.0953832	18.0567	0.000966358	-0.000431762	0.000966358	5.56826e-06
0.547045	-0.00121493	-5.91308e-06	-0.00121493	0.00981119	1.24951e-07	-5.91308e-06	1.24951e-07	1.17645e-06
18.7603	-1.33538e-05	-0.00637232	-1.33538e-05	0.000275212	1.00117e-10	-0.00637232	1.00117e-10	1.00974e-05
19.2423	-6.67692e-06	-0.00836483	-6.67692e-06	0.000137606	5.00585e-11	-0.00836483	5.00585e-11	1.13029e-05
19.1929	-3.33846e-06	-0.00804403	-3.33846e-06	6.88029e-05	2.50292e-11	-0.00804403	2.50292e-11	1.10582e-05
31.5296	1.56963e-06	-0.0113431	1.56963e-06	6.131e-05	3.52759e-10	-0.0113431	3.52759e-10	1.9437e-05
29.9792	1.34031e-06	-0.00645217	1.34031e-06	6.06336e-05	-6.52429e-12	-0.00645217	-6.52429e-12	2.19936e-05
15.1128	1.43782e-06	-0.00689589	1.43782e-06	6.02517e-05	-6.8672e-11	-0.00689589	-6.8672e-11	1.02692e-05
19.0813	1.52685e-06	-0.00603484	1.52685e-06	5.99555e-05	-1.17974e-10	-0.00603484	-1.17974e-10	1.27388e-05
22.0768	1.8209e-06	-0.0105086	1.8209e-06	5.9715e-05	-1.77627e-10	-0.0105086	-1.77627e-10	1.43111e-05
17.1049	1.91977e-06	-0.00276066	1.91977e-06	5.95307e-05	-4.0465e-10	-0.00276066	-4.0465e-10	1.44743e-05
31.7762	2.2823e-06	-0.000571517	2.2823e-06	5.93766e-05	-8.66358e-09	-0.000571517	-8.66358e-09	7.98877e-05
13.4856	3.21268e-06	-0.00149548	3.21268e-06	5.92296e-05	-2.93497e-08	-0.00149548	-2.93497e-08	0.000119226
30.546	3.62864e-06	-0.0108564	3.62864e-06	5.90841e-05	-3.05277e-08	-0.0108564	-3.05277e-08	9.09756e-05
19.8712	3.60827e-06	-0.00137693	3.60827e-06	5.89393e-05	-2.37853e-08	-0.00137693	-2.37853e-08	5.97661e-05
0.241128	3.69411e-06	4.39551e-05	3.69411e-06	5.87951e-05	-3.18945e-08	4.39551e-05	-3.18945e-08	5.52954e-05
0.192112	3.21307e-06	4.72041e-05	3.21307e-06	5.86374e-05	-3.55025e-08	4.72041e-05	-3.55025e-08	5.52367e-05
0.155573	2.85135e-06	4.96018e-05	2.85135e-06	5.84816e-05	-3.90618e-08	4.96018e-05	-3.90618e-08	5.51709e-05
0.1113	2.40484e-06	5.24088e-05	2.40484e-06	5.83316e-05	-4.23887e-08	5.24088e-05	-4.23887e-08	5.49977e-05
0.099187	2.28301e-06	5.31705e-05	2.28301e-06	5.8175e-05	-4.59686e-08	5.31705e-05	-4.59686e-08	5.49467e-05
0.0821329	2.10802e-06	5.4205e-05	2.10802e-06	5.80248e-05	-4.93413e-08	5.4205e-05	-4.93413e-08	5.48394e-05
0.0457059	1.73034e-06	5.47567e-05	1.73034e-06	5.78797e-05	-5.09423e-08	5.47567e-05	-5.09423e-08	5.30413e-05
0.0246415	1.51251e-06	5.17537e-05	1.51251e-06	5.77355e-05	-4.99827e-08	5.17537e-05	-4.99827e-08	4.89619e-05
0.0156888	1.41682e-06	5.05673e-05	1.41682e-06	5.75918e-05	-5.11933e-08	5.05673e-05	-5.11933e-08	4.73466e-05
0.0102606	1.35762e-06	4.87638e-05	1.35762e-06	5.7449e-05	-5.1794e-08	4.87638e-05	-5.1794e-08	4.53799e-05
0.00553498	1.35543e-06	3.5661e-06	1.35543e-06	5.72127e-05	-5.13943e-09	3.5661e-06	-5.13943e-09	4.31842e-06
0.00281033	1.30187e-06	1.51507e-07	1.30187e-06	5.59877e-05	-4.02684e-10	1.51507e-07	-4.02684e-10	3.35112e-07
0.00163293	3.35759e-06	7.04635e-08	3.35759e-06	5.57059e-05	-2.31756e-10	7.04635e-08	-2.31756e-10	2.68295e-07
0.000947196	4.97792e-06	3.4643e-08	4.97792e-06	5.54574e-05	-1.35794e-10	3.4643e-08	-1.35794e-10	2.27514e-07
0.000900938	5.39297e-06	2.86002e-08	5.39297e-06	5.52271e-05	-1.03543e-10	2.86002e-08	-1.03543e-10	1.97495e-07
0.000819324	6.26943e-06	2.29717e-08	6.26943e-06	5.49941e-05	-6.58462e-11	2.29717e-08	-6.58462e-11	1.74474e-07
0.000808489	6.43336e-06	2.03005e-08	6.43336e-06	5.47645e-05	-5.39462e-11	2.03005e-08	-5.39462e-11	1.5626e-07
31.9415	0.287676	-0.000563889	0.287676	6.64481	-0.00340718	-0.000563889	-0.00340718	6.82046e-06
36.1653	0.0915182	-0.000227838	0.0915182	6.6895	-0.00296824	-0.000227838	-0.00296824	8.9826e-06
0.205341	0.00559843	-5.79492e-07	0.00559843	0.0107437	-7.83484e-07	-5.79492e-07	-7.83484e-07	1.25232e-06
0.136637	0.00257295	-1.64475e-07	0.00257295	0.00465534	-1.84914e-07	-1.64475e-07	-1.84914e-07	6.81841e-07
0.0757261	0.00171388	-7.04333e-08	0.00171388	0.00292044	-7.97298e-08	-7.04333e-08	-7.97298e-08	4.68449e-07
0.0574391	0.00120615	-3.87521e-08	0.00120615	0.00197296	-4.10358e-08	-3.87521e-08	-4.10358e-08	3.56788e-07
0.0343658	0.000951324	-2.25529e-08	0.000951324	0.00147113	-2.47187e-08	-2.25529e-08	-2.47187e-08	2.88112e-07
0.0316747	0.000576464	-1.3231e-08	0.000576464	0.000873063	-1.23037e-08	-1.3231e-08	-1.23037e-08	2.41607e-07
0.0250753	0.000382575	-8.13021e-09	0.000382575	0.000545668	-6.62426e-09	-8.13021e-09	-6.62426e-09	2.08028e-07
0.0224663	-1.40201e-05	-2.62349e-09	-1.40201e-05	-9.92702e-06	1.06677e-10	-2.62349e-09	1.06677e-10	1.82644e-07
0.0168951	-1.32555e-05	-1.73281e-09	-1.32555e-05	-9.58769e-06	9.17948e-11	-1.73281e-09	9.17948e-11	1.62782e-07
0.0156931	-1.30558e-05	-1.44534e-09	-1.30558e-05	-9.51793e-06	8.21786e-11	-1.44534e-09	8.21786e-11	1.46815e-07
0.0139809	-1.29224e-05	-1.16263e-09	-1.29224e-05	-9.46588e-06	7.44233e-11	-1.16263e-09	7.44233e-11	1.33701e-07
0.0132842	-1.28514e-05	-9.75387e-10	-1.28514e-05	-9.40907e-06	6.55811e-11	-9.75387e-10	6.55811e-11	1.18527e-07
0.0109986	-1.28141e-05	-6.83773e-10	-1.28141e-05	-9.33575e-06	5.61358e-11	-6.83773e-10	5.61358e-11	1.02245e-07
0.00927253	-9.79703e-06	-5.82417e-10	-9.79703e-06	-8.46956e-06	5.08012e-11	-5.82417e-10	5.08012e-11	1.02245e-07
0.00458656	1.87986e-05	-1.1246e-10	1.87986e-05	-1.35423e-05	2.07168e-11	-1.1246e-10	2.07168e-11	2.68643e-08
0.00229328	9.39931e-06	-5.62299e-11	9.39931e-06	-6.77114e-06	1.03584e-11	-5.62299e-11	1.03584e-11	1.34321e-08
0.00114664	4.69966e-06	-2.8115e-11	4.69966e-06	-3.38557e-06	5.17919e-12	-2.8115e-11	5.17919e-12	6.71606e-09
0.000573321	2.34983e-06	-1.40575e-11	2.34983e-06	-1.69279e-06	2.58959e-12	-1.40575e-11	2.58959e-12	3.35803e-09
0.000565583	2.27367e-06	-6.30776e-12	2.27367e-06	-1.69025e-06	1.97026e-12	-6.30776e-12	1.97026e-12	3.3396e-09
0.000563967	2.25754e-06	-2.48473e-12	2.25754e-06	-1.68916e-06	1.40126e-12	-2.48473e-12	1.40126e-12	3.33183e-09
0.000563518	2.25277e-06	-3.87302e-13	2.25277e-06	-1.68858e-06	8.8844e-13	-3.87302e-13	8.8844e-13	3.3275e-09
0.00056299	2.24732e-06	1.94409e-12	2.24732e-06	-1.688e-06	3.79413e-13	1.94409e-12	3.79413e-13	3.32318e-09
0.000562329	2.24071e-06	4.67638e-12	2.24071e-06	-1.68744e-06	-1.24358e-13	4.67638e-12	-1.24358e-13	3.31887e-09
0.000561745	2.23477e-06	7.16387e-12	2.23477e-06	-1.68687e-06	-6.28534e-13	7.16387e-12	-6.28534e-13	3.31457e-09
0.000561058	2.22793e-06	9.95493e-12	2.22793e-06	-1.68631e-06	-1.12832e-12	9.95493e-12	-1.12832e-12	3.31029e-09
0.000560428	2.22161e-06	1.25587e-11	2.22161e-06	-1.68574e-06	-1.62803e-12	1.25587e-11	-1.62803e-12	3.30601e-09
0.000559774	2.21506e-06	1.5229e-11	2.21506e-06	-1.68518e-06	-2.12543e-12	1.5229e-11	-2.12543e-12	3.30175e-09
0.000559215	2.20937e-06	1.75948e-11	2.20937e-06	-1.68461e-06	-2.62379e-12	1.75948e-11	-2.62379e-12	3.29749e-09
0.000558757	2.20456e-06	1.96444e-11	2.20456e-06	-1.68403e-06	-3.12321e-12	1.96444e-11	-3.12321e-12	3.29325e-09
0.000558388	2.20052e-06	2.1416e-11	2.20052e-06	-1.68345e-06	-3.62336e-12	2.1416e-11	-3.62336e-12	3.28902e-09
0.000557812	2.19468e-06	2.38102e-11	2.19468e-06	-1.68288e-06	-4.11638e-12	2.38102e-11	-4.11638e-12	3.2848e-09
0.000557134	2.18796e-06	2.64994e-11	2.18796e-06	-1.68232e-06	-4.60514e-12	2.64994e-11	-4.60514e-12	3.28059e-09
0.000556666	2.18307e-06	2.85467e-11	2.18307e-06	-1.68175e-06	-5.09783e-12	2.85467e-11	-5.09783e-12	3.27639e-09
0.00055607	2.17708e-06	3.09689e-11	2.17708e-06	-1.68118e-06	-5.58558e-12	3.09689e-11	-5.58558e-12	3.2722e-09
0.000555538	2.17164e-06	3.319e-11	2.17164e-06	-1.68061e-06	-6.07342e-12	3.319e-11	-6.07342e-12	3.26802e-09
0.000554988	2.16605e-06	3.54568e-11	2.16605e-06	-1.68005e-06	-6.55921e-12	3.54568e-11	-6.55921e-12	3.26386e-09
0.000554493	2.16094e-06	3.75501e-11	2.16094e-06	-1.67948e-06	-7.04486e-12	3.75501e-11	-7.04486e-12	3.2597e-09
0.000553945	2.15538e-06	3.97929e-11	2.15538e-06	-1.67891e-06	-7.52756e-12	3.97929e-11	-7.52756e-12	3.25555e-09
0.000553635	2.15189e-06	4.13183e-11	2.15189e-06	-1.67832e-06	-8.01488e-12	4.13183e-11	-8.01488e-12	3.25142e-09
0.000553254	2.14779e-06	4.30467e-11	2.14779e-06	-1.67775e-06	-8.49879e-12	4.30467e-11	-8.49879e-12	3.24729e-09
0.000552988	2.14469e-06	4.44273e-11	2.14469e-06	-1.67716e-06	-8.9841e-12	4.44273e-11	-8.9841e-12	3.24318e-09
30.2446	-0.587864	0.0135476	-0.587864	15.2571	-0.000710371	0.0135476	-0.000710371	1.6374e-05
23.5766	1.44601	0.012296	1.44601	13.0014	0.0017027	0.012296	0.0017027	1.63778e-05
27.4142	2.75587	0.0139556	2.75587	14.6238	0.00310341	0.0139556	0.00310341	1.75906e-05
1.32211	-0.00694299	0.000130241	-0.00694299	-0.00465746	-1.67252e-06	0.000130241	-1.67252e-06	2.05803e-06
13.5759	0.507178	0.00193539	0.507178	11.1492	0.00170597	0.00193539	0.00170597	7.448e-06
1.28247	-0.00672596	4.67839e-05	-0.00672596	-0.00465818	-1.23214e-06	4.67839e-05	-1.23214e-06	1.86763e-06
23.2335	2.07329	0.0092027	2.07329	12.2041	0.00282304	0.0092027	0.00282304	1.35647e-05
18.762	1.73793	0.00696592	1.73793	19.3285	0.00272204	0.00696592	0.00272204	1.26839e-05
2.10618	-0.00691613	0.000154789	-0.00691613	-0.004697	-1.45679e-06	0.000154789	-1.45679e-06	2.02573e-06
1.16765	-0.00369893	4.76529e-05	-0.00369893	-0.00234793	-6.48121e-07	4.76529e-05	-6.48121e-07	1.12251e-06
0.693687	-0.00254911	1.95518e-05	-0.00254911	-0.00156515	-4.09263e-07	1.95518e-05	-4.09263e-07	7.76724e-07
0.441928	-0.00194526	9.48832e-06	-0.00194526	-0.0011738	-2.97252e-07	9.48832e-06	-2.97252e-07	5.93908e-07
0.303266	-0.001571	5.24455e-06	-0.001571	-0.000939012	-2.32787e-07	5.24455e-06	-2.32787e-07	4.80788e-07
0.223325	-0.00131629	3.22542e-06	-0.00131629	-0.000782493	-1.91071e-07	3.22542e-06	-1.91071e-07	4.03879e-07
0.171978	-0.00113218	2.12713e-06	-0.00113218	-0.000670698	-1.61935e-07	2.12713e-06	-1.61935e-07	3.48186e-07
0.137921	-0.000992939	1.48847e-06	-0.000992939	-0.000586854	-1.4046e-07	1.48847e-06	-1.4046e-07	3.05994e-07
0.114148	-0.000884031	1.09047e-06	-0.000884031	-0.000521643	-1.23989e-07	1.09047e-06	-1.23989e-07	2.72923e-07
0.0968305	-0.000796559	8.28252e-07	-0.000796559	-0.000469475	-1.1096e-07	8.28252e-07	-1.1096e-07	2.46303e-07
0.0837648	-0.000724783	6.47513e-07	-0.000724783	-0.000426793	-1.004e-07	6.47513e-07	-1.004e-07	2.24415e-07
0.0738894	-0.000664827	5.20313e-07	-0.000664827	-0.000391225	-9.16702e-08	5.20313e-07	-9.16702e-08	2.061e-07
0.0657584	-0.000614024	4.24455e-07	-0.000614024	-0.000361129	-8.43332e-08	4.24455e-07	-8.43332e-08	1.90549e-07
0.0591575	-0.000570419	3.51955e-07	-0.000570419	-0.000335333	-7.80812e-08	3.51955e-07	-7.80812e-08	1.77181e-07
0.056218	-0.000532497	3.1114e-07	-0.000532497	-0.000312976	-7.26899e-08	3.1114e-07	-7.26899e-08	1.65565e-07
0.0507557	-0.0004994	2.6099e-07	-0.0004994	-0.000293415	-6.79945e-08	2.6099e-07	-6.79945e-08	1.55378e-07
0.0462163	-0.000470167	2.21592e-07	-0.000470167	-0.000276154	-6.38679e-08	2.21592e-07	-6.38679e-08	1.46373e-07
0.0423905	-0.000444161	1.90119e-07	-0.000444161	-0.000260812	-6.02129e-08	1.90119e-07	-6.02129e-08	1.38354e-07
0.0391264	-0.000420877	1.64608e-07	-0.000420877	-0.000247084	-5.6953e-08	1.64608e-07	-5.6953e-08	1.31168e-07
0.0364074	-0.000399907	1.441e-07	-0.000399907	-0.00023473	-5.40276e-08	1.441e-07	-5.40276e-08	1.24691e-07
0.0342523	-0.000380919	1.27973e-07	-0.000380919	-0.000223552	-5.13877e-08	1.27973e-07	-5.13877e-08	1.18825e-07
0.0323312	-0.000363652	1.14265e-07	-0.000363652	-0.00021339	-4.89935e-08	1.14265e-07	-4.89935e-08	1.13485e-07
0.0308026	-0.000347877	1.03294e-07	-0.000347877	-0.000204112	-4.68123e-08	1.03294e-07	-4.68123e-08	1.08605e-07
0.0291795	-0.000333418	9.28657e-08	-0.000333418	-0.000195607	-4.48169e-08	9.28657e-08	-4.48169e-08	1.04127e-07
0.0277147	-0.000320113	8.38419e-08	-0.000320113	-0.000187782	-4.29845e-08	8.38419e-08	-4.29845e-08	1.00003e-07
0.0262922	-0.000307831	7.56532e-08	-0.000307831	-0.00018056	-4.1296e-08	7.56532e-08	-4.1296e-08	9.61943e-08
0.0251297	-0.000296453	6.89463e-08	-0.000296453	-0.000173872	-3.9735e-08	6.89463e-08	-3.9735e-08	9.26647e-08
0.024097	-0.000285885	6.31382e-08	-0.000285885	-0.000167662	-3.82877e-08	6.31382e-08	-3.82877e-08	8.9385e-08
0.0229662	-0.000276048	5.74163e-08	-0.000276048	-0.000161881	-3.6942e-08	5.74163e-08	-3.6942e-08	8.63294e-08
0.0220691	-0.000266863	5.2786e-08	-0.000266863	-0.000156485	-3.56877e-08	5.2786e-08	-3.56877e-08	8.34759e-08
0.0212645	-0.000258268	4.87253e-08	-0.000258268	-0.000151437	-3.45157e-08	4.87253e-08	-3.45157e-08	8.0805e-08
0.020359	-0.000246526	4.42591e-08	-0.000246526	-0.000144732	-3.25626e-08	4.42591e-08	-3.25626e-08	7.72839e-08
0.0198396	-0.000225313	4.14083e-08	-0.000225313	-0.000132498	-2.82529e-08	4.14083e-08	-2.82529e-08	7.09682e-08
0.0195911	-8.48095e-05	4.22362e-08	-8.48095e-05	-4.8351e-05	-6.29859e-09	4.22362e-08	-6.29859e-09	4.33105e-08
0.0172443	-8.12472e-05	3.50373e-08	-8.12472e-05	-4.70136e-05	-5.90025e-09	3.50373e-08	-5.90025e-09	4.1748e-08
0.00839302	4.7599e-05	2.66917e-08	4.7599e-05	-5.20572e-05	-5.97256e-09	2.66917e-08	-5.97256e-09	4.03773e-08
0.00819272	4.33444e-05	2.50149e-08	4.33444e-05	-5.00816e-05	-5.60097e-09	2.50149e-08	-5.60097e-09	3.93168e-08
0.00689381	2.68386e-05	1.94404e-08	2.68386e-05	-4.8146e-05	-5.2821e-09	1.94404e-08	-5.2821e-09	3.83105e-08
0.00676712	2.66945e-05	1.86447e-08	2.66945e-05	-5.0448e-05	-5.39985e-09	1.86447e-08	-5.39985e-09	3.73544e-08
0.00251921	-0.000418997	-3.85495e-08	-0.000418997	-0.00013061	-1.4753e-08	-3.85495e-08	-1.4753e-08	3.64547e-08
0.00243416	-0.000432778	-3.92432e-08	-0.000432778	-0.000136377	-1.50276e-08	-3.92432e-08	-1.50276e-08	3.55879e-08
0.00517992	-8.40011e-05	2.75717e-09	-8.40011e-05	-0.00012327	-1.25945e-08	2.75717e-09	-1.25945e-08	3.474e-08
0.00509794	-0.000102502	5.4602e-10	-0.000102502	-0.000150862	-1.17419e-08	5.4602e-10	-1.17419e-08	2.64659e-08
0.00254897	-5.1251e-05	2.7301e-10	-5.1251e-05	-7.5431e-05	-5.87095e-09	2.7301e-10	-5.87095e-09	1.32329e-08
0.00127449	-2.56255e-05	1.36505e-10	-2.56255e-05	-3.77155e-05	-2.93548e-09	1.36505e-10	-2.93548e-09	6.61646e-09
0.00121305	-2.59861e-05	4.88085e-11	-2.59861e-05	-3.82587e-05	-2.93541e-09	4.88085e-11	-2.93541e-09	6.54195e-09
0.0012059	-2.61003e-05	4.78967e-11	-2.61003e-05	-3.84408e-05	-2.93006e-09	4.78967e-11	-2.93006e-09	6.51978e-09
